cell_id,genotype1,genotype2
c1,0;2;6;7;12;15;18;22;24;27;28;30;35;39;40;43;46;52;57;58;59;69;71;73;77;78;79;84;89;93;97;99,
c2,0;9;31;41;45;46;66;74;77;81;89;96;97,
c3,0;2;6;7;12;15;18;22;24;27;28;30;35;39;40;43;46;52;57;58;59;69;71;73;77;78;79;84;89;93;97;99,0;2;6;7;12;15;18;22;24;27;28;30;35;39;40;43;46;52;57;58;59;69;71;73;77;78;79;84;89;93;97;99
c4,0;2;3;5;10;11;16;18;19;20;21;23;24;27;28;32;34;42;46;48;52;53;55;56;58;59;60;63;67;72;75;77;79;80;82;89;90;92;94;95;97;99,0;9;31;41;45;46;66;74;77;81;89;96;97
c5,0;2;3;5;10;11;16;18;19;20;21;23;24;27;28;32;34;42;46;48;52;53;55;56;58;59;60;63;67;72;75;77;79;80;82;89;90;92;94;95;97;99,0;9;31;41;45;46;66;74;77;81;89;96;97
c6,0;2;3;5;10;11;16;18;19;20;21;23;24;27;28;32;34;42;46;48;52;53;55;56;58;59;60;63;67;72;75;77;79;80;82;89;90;92;94;95;97;99,0;4;25;38;44;46;47;50;68;85;89;96;97
c7,0;8;9;14;17;26;29;33;36;37;41;45;46;51;61;62;64;66;70;74;77;81;86;88;89;96;97;98,
c8,0;2;6;18;22;24;27;28;35;39;40;46;52;57;58;59;69;73;77;79;89;97;99,
c9,0;9;31;41;45;46;66;74;77;81;89;96;97,0;2;6;7;12;15;18;22;24;27;28;30;35;39;40;43;46;52;57;58;59;69;71;73;77;78;79;84;89;93;97;99
c10,0;8;9;14;17;26;29;33;36;37;41;45;46;51;61;62;64;66;70;74;77;81;86;88;89;96;97;98,
c11,0;2;5;18;19;21;24;27;28;34;46;48;52;55;58;59;63;67;72;75;77;79;80;82;89;94;97;99,
c12,0;2;3;5;10;11;16;18;19;20;21;23;24;27;28;32;34;42;46;48;52;53;55;56;58;59;60;63;67;72;75;77;79;80;82;89;90;92;94;95;97;99,
c13,0;2;6;7;12;15;18;22;24;27;28;30;35;39;40;43;46;52;57;58;59;69;71;73;77;78;79;84;89;93;97;99,0;9;31;41;45;46;66;74;77;81;89;96;97
c14,0;2;5;18;19;21;24;27;28;34;46;48;52;55;58;59;63;67;72;75;77;79;80;82;89;94;97;99,
c15,0;2;3;5;10;11;16;18;19;20;21;23;24;27;28;32;34;42;46;48;52;53;55;56;58;59;60;63;67;72;75;77;79;80;82;89;90;92;94;95;97;99,0;8;9;14;17;26;29;33;36;37;41;45;46;51;61;62;64;66;70;74;77;81;86;88;89;96;97;98
c16,0;1;2;13;18;19;21;24;27;28;34;46;48;49;52;54;55;58;59;63;65;67;72;75;76;77;79;80;82;83;89;91;94;97;99,
c17,0;9;31;41;45;46;66;74;77;81;89;96;97,0;46;77;89;96;97
c18,0;2;18;24;27;28;46;52;58;59;77;79;89;97;99,0;2;5;18;19;21;24;27;28;34;46;48;52;55;58;59;63;67;72;75;77;79;80;82;89;94;97;99
c19,0;2;3;5;10;11;16;18;19;20;21;23;24;27;28;32;34;42;46;48;52;53;55;56;58;59;60;63;67;72;75;77;79;80;82;89;90;92;94;95;97;99,
c20,0;2;6;7;12;15;18;22;24;27;28;30;35;39;40;43;46;52;57;58;59;69;71;73;77;78;79;84;89;93;97;99,
c21,0;4;25;38;44;46;47;50;68;85;89;96;97,
c22,0;2;6;7;12;15;18;22;24;27;28;30;35;39;40;43;46;52;57;58;59;69;71;73;77;78;79;84;89;93;97;99,
c23,0;9;31;41;45;46;66;74;77;81;89;96;97,0;2;18;24;27;28;46;52;58;59;77;79;89;97;99
c24,0;2;6;7;12;15;18;22;24;27;28;30;35;39;40;43;46;52;57;58;59;69;71;73;77;78;79;84;89;93;97;99,
c25,0;2;6;18;22;24;27;28;35;39;40;46;52;57;58;59;69;73;77;79;89;97;99,
c26,0;8;9;14;17;26;29;33;36;37;41;45;46;51;61;62;64;66;70;74;77;81;86;88;89;96;97;98,0;1;2;13;18;19;21;24;27;28;34;46;48;49;52;54;55;58;59;63;65;67;72;75;76;77;79;80;82;83;89;91;94;97;99
c27,0;2;6;7;12;15;18;22;24;27;28;30;35;39;40;43;46;52;57;58;59;69;71;73;77;78;79;84;89;93;97;99,
c28,0;2;3;5;10;11;16;18;19;20;21;23;24;27;28;32;34;42;46;48;52;53;55;56;58;59;60;63;67;72;75;77;79;80;82;89;90;92;94;95;97;99,
c29,0;2;6;7;12;15;18;22;24;27;28;30;35;39;40;43;46;52;57;58;59;69;71;73;77;78;79;84;89;93;97;99,
c30,0;2;5;18;19;21;24;27;28;34;46;48;52;55;58;59;63;67;72;75;77;79;80;82;89;94;97;99,0;2;5;18;19;21;24;27;28;34;46;48;52;55;58;59;63;67;72;75;77;79;80;82;89;94;97;99
c31,0;2;6;7;12;15;18;22;24;27;28;30;35;39;40;43;46;52;57;58;59;69;71;73;77;78;79;84;89;93;97;99,0;2;6;18;22;24;27;28;35;39;40;46;52;57;58;59;69;73;77;79;89;97;99
c32,0;9;31;41;45;46;66;74;77;81;89;96;97,
c33,0;2;3;5;10;11;16;18;19;20;21;23;24;27;28;32;34;42;46;48;52;53;55;56;58;59;60;63;67;72;75;77;79;80;82;89;90;92;94;95;97;99,
c34,0;2;3;5;10;11;16;18;19;20;21;23;24;27;28;32;34;42;46;48;52;53;55;56;58;59;60;63;67;72;75;77;79;80;82;89;90;92;94;95;97;99,0;2;5;18;19;21;24;27;28;34;46;48;52;55;58;59;63;67;72;75;77;79;80;82;89;94;97;99
c35,0;9;31;41;45;46;66;74;77;81;89;96;97,0;8;9;14;17;26;29;33;36;37;41;45;46;51;61;62;64;66;70;74;77;81;86;88;89;96;97;98
c36,0;8;9;14;17;26;29;33;36;37;41;45;46;51;61;62;64;66;70;74;77;81;86;88;89;96;97;98,
c37,0;4;25;38;44;46;47;50;68;85;89;96;97,
c38,0;1;2;13;18;19;21;24;27;28;34;46;48;49;52;54;55;58;59;63;65;67;72;75;76;77;79;80;82;83;89;91;94;97;99,
c39,0;2;6;18;22;24;27;28;35;39;40;46;52;57;58;59;69;73;77;79;89;97;99,
c40,0;9;31;41;45;46;66;74;77;81;89;96;97,0;46;77;89;96;97
c41,0;2;6;7;12;15;18;22;24;27;28;30;35;39;40;43;46;52;57;58;59;69;71;73;77;78;79;84;89;93;97;99,0;4;25;38;44;46;47;50;68;85;89;96;97
c42,0;8;9;14;17;26;29;33;36;37;41;45;46;51;61;62;64;66;70;74;77;81;86;88;89;96;97;98,
c43,0;9;31;41;45;46;66;74;77;81;89;96;97,
c44,0;4;25;38;44;46;47;50;68;85;89;96;97,0;9;31;41;45;46;66;74;77;81;89;96;97
c45,0;1;2;13;18;19;21;24;27;28;34;46;48;49;52;54;55;58;59;63;65;67;72;75;76;77;79;80;82;83;89;91;94;97;99,0;2;3;5;10;11;16;18;19;20;21;23;24;27;28;32;34;42;46;48;52;53;55;56;58;59;60;63;67;72;75;77;79;80;82;89;90;92;94;95;97;99
c46,0;9;31;41;45;46;66;74;77;81;89;96;97,
c47,0;8;9;14;17;26;29;33;36;37;41;45;46;51;61;62;64;66;70;74;77;81;86;88;89;96;97;98,
c48,0;46;77;89;96;97,0;4;25;38;44;46;47;50;68;85;89;96;97
c49,0;2;5;18;19;21;24;27;28;34;46;48;52;55;58;59;63;67;72;75;77;79;80;82;89;94;97;99,0;2;6;18;22;24;27;28;35;39;40;46;52;57;58;59;69;73;77;79;89;97;99
c50,0;2;6;7;12;15;18;22;24;27;28;30;35;39;40;43;46;52;57;58;59;69;71;73;77;78;79;84;89;93;97;99,
c51,0;9;31;41;45;46;66;74;77;81;89;96;97,
c52,0;2;6;7;12;15;18;22;24;27;28;30;35;39;40;43;46;52;57;58;59;69;71;73;77;78;79;84;89;93;97;99,0;2;6;7;12;15;18;22;24;27;28;30;35;39;40;43;46;52;57;58;59;69;71;73;77;78;79;84;89;93;97;99
c53,0;4;25;38;44;46;47;50;68;85;89;96;97,0;2;5;18;19;21;24;27;28;34;46;48;52;55;58;59;63;67;72;75;77;79;80;82;89;94;97;99
c54,0;46;77;89;96;97,0;2;6;18;22;24;27;28;35;39;40;46;52;57;58;59;69;73;77;79;89;97;99
c55,0;2;6;7;12;15;18;22;24;27;28;30;35;39;40;43;46;52;57;58;59;69;71;73;77;78;79;84;89;93;97;99,
c56,0;2;3;5;10;11;16;18;19;20;21;23;24;27;28;32;34;42;46;48;52;53;55;56;58;59;60;63;67;72;75;77;79;80;82;89;90;92;94;95;97;99,0;2;6;7;12;15;18;22;24;27;28;30;35;39;40;43;46;52;57;58;59;69;71;73;77;78;79;84;89;93;97;99
c57,0;4;25;38;44;46;47;50;68;85;89;96;97,0;8;9;14;17;26;29;33;36;37;41;45;46;51;61;62;64;66;70;74;77;81;86;88;89;96;97;98
c58,0;9;31;41;45;46;66;74;77;81;89;96;97,
c59,0;8;9;14;17;26;29;33;36;37;41;45;46;51;61;62;64;66;70;74;77;81;86;88;89;96;97;98,
c60,0;2;6;7;12;15;18;22;24;27;28;30;35;39;40;43;46;52;57;58;59;69;71;73;77;78;79;84;89;93;97;99,0;9;31;41;45;46;66;74;77;81;89;96;97
c61,0;2;5;18;19;21;24;27;28;34;46;48;52;55;58;59;63;67;72;75;77;79;80;82;89;94;97;99,0;4;25;38;44;46;47;50;68;85;89;96;97
c62,0;8;9;14;17;26;29;33;36;37;41;45;46;51;61;62;64;66;70;74;77;81;86;88;89;96;97;98,0;2;3;5;10;11;16;18;19;20;21;23;24;27;28;32;34;42;46;48;52;53;55;56;58;59;60;63;67;72;75;77;79;80;82;89;90;92;94;95;97;99
c63,0;2;18;24;27;28;46;52;58;59;77;79;89;97;99,
c64,0;4;25;38;44;46;47;50;68;85;89;96;97,0;2;6;7;12;15;18;22;24;27;28;30;35;39;40;43;46;52;57;58;59;69;71;73;77;78;79;84;89;93;97;99
c65,0;2;6;7;12;15;18;22;24;27;28;30;35;39;40;43;46;52;57;58;59;69;71;73;77;78;79;84;89;93;97;99,
c66,0;8;9;14;17;26;29;33;36;37;41;45;46;51;61;62;64;66;70;74;77;81;86;88;89;96;97;98,
c67,0;9;31;41;45;46;66;74;77;81;89;96;97,0;9;31;41;45;46;66;74;77;81;89;96;97
c68,0;8;9;14;17;26;29;33;36;37;41;45;46;51;61;62;64;66;70;74;77;81;86;88;89;96;97;98,
c69,0;8;9;14;17;26;29;33;36;37;41;45;46;51;61;62;64;66;70;74;77;81;86;88;89;96;97;98,0;1;2;13;18;19;21;24;27;28;34;46;48;49;52;54;55;58;59;63;65;67;72;75;76;77;79;80;82;83;89;91;94;97;99
c70,0;9;31;41;45;46;66;74;77;81;89;96;97,0;8;9;14;17;26;29;33;36;37;41;45;46;51;61;62;64;66;70;74;77;81;86;88;89;96;97;98
c71,0;2;3;5;10;11;16;18;19;20;21;23;24;27;28;32;34;42;46;48;52;53;55;56;58;59;60;63;67;72;75;77;79;80;82;89;90;92;94;95;97;99,
c72,0;46;77;89;96;97,0;2;3;5;10;11;16;18;19;20;21;23;24;27;28;32;34;42;46;48;52;53;55;56;58;59;60;63;67;72;75;77;79;80;82;89;90;92;94;95;97;99
c73,0;2;6;7;12;15;18;22;24;27;28;30;35;39;40;43;46;52;57;58;59;69;71;73;77;78;79;84;89;93;97;99,
c74,0;2;6;7;12;15;18;22;24;27;28;30;35;39;40;43;46;52;57;58;59;69;71;73;77;78;79;84;89;93;97;99,
c75,0;2;6;7;12;15;18;22;24;27;28;30;35;39;40;43;46;52;57;58;59;69;71;73;77;78;79;84;89;93;97;99,0;2;6;7;12;15;18;22;24;27;28;30;35;39;40;43;46;52;57;58;59;69;71;73;77;78;79;84;89;93;97;99
c76,0;2;6;7;12;15;18;22;24;27;28;30;35;39;40;43;46;52;57;58;59;69;71;73;77;78;79;84;89;93;97;99,
c77,0;9;31;41;45;46;66;74;77;81;89;96;97,
c78,0;4;25;38;44;46;47;50;68;85;89;96;97,
c79,0;2;5;18;19;21;24;27;28;34;46;48;52;55;58;59;63;67;72;75;77;79;80;82;89;94;97;99,
c80,0;9;31;41;45;46;66;74;77;81;89;96;97,
c81,0;9;31;41;45;46;66;74;77;81;89;96;97,
c82,0;9;31;41;45;46;66;74;77;81;89;96;97,0;9;31;41;45;46;66;74;77;81;89;96;97
c83,0;9;31;41;45;46;66;74;77;81;89;96;97,0;2;6;7;12;15;18;22;24;27;28;30;35;39;40;43;46;52;57;58;59;69;71;73;77;78;79;84;89;93;97;99
c84,0;2;18;24;27;28;46;52;58;59;77;79;89;97;99,0;2;5;18;19;21;24;27;28;34;46;48;52;55;58;59;63;67;72;75;77;79;80;82;89;94;97;99
c85,0;1;2;13;18;19;21;24;27;28;34;46;48;49;52;54;55;58;59;63;65;67;72;75;76;77;79;80;82;83;89;91;94;97;99,
c86,0;2;6;7;12;15;18;22;24;27;28;30;35;39;40;43;46;52;57;58;59;69;71;73;77;78;79;84;89;93;97;99,0;2;18;24;27;28;46;52;58;59;77;79;89;97;99
c87,0;4;25;38;44;46;47;50;68;85;89;96;97,
c88,0;2;3;5;10;11;16;18;19;20;21;23;24;27;28;32;34;42;46;48;52;53;55;56;58;59;60;63;67;72;75;77;79;80;82;89;90;92;94;95;97;99,0;2;6;7;12;15;18;22;24;27;28;30;35;39;40;43;46;52;57;58;59;69;71;73;77;78;79;84;89;93;97;99
c89,0;9;31;41;45;46;66;74;77;81;89;96;97,
c90,0;46;77;89;96;97,
c91,0;9;31;41;45;46;66;74;77;81;89;96;97,0;9;31;41;45;46;66;74;77;81;89;96;97
c92,0;9;31;41;45;46;66;74;77;81;89;96;97,
c93,0;46;77;89;96;97,
c94,0;2;6;7;12;15;18;22;24;27;28;30;35;39;40;43;46;52;57;58;59;69;71;73;77;78;79;84;89;93;97;99,0;9;31;41;45;46;66;74;77;81;89;96;97
c95,0;2;6;18;22;24;27;28;35;39;40;46;52;57;58;59;69;73;77;79;89;97;99,0;9;31;41;45;46;66;74;77;81;89;96;97
c96,0;2;6;7;12;15;18;22;24;27;28;30;35;39;40;43;46;52;57;58;59;69;71;73;77;78;79;84;89;93;97;99,0;2;6;7;12;15;18;22;24;27;28;30;35;39;40;43;46;52;57;58;59;69;71;73;77;78;79;84;89;93;97;99
c97,0;46;77;89;96;97,
c98,0;2;18;24;27;28;46;52;58;59;77;79;89;97;99,0;4;25;38;44;46;47;50;68;85;89;96;97
c99,0;8;9;14;17;26;29;33;36;37;41;45;46;51;61;62;64;66;70;74;77;81;86;88;89;96;97;98,
c100,0;2;6;18;22;24;27;28;35;39;40;46;52;57;58;59;69;73;77;79;89;97;99,0;2;6;7;12;15;18;22;24;27;28;30;35;39;40;43;46;52;57;58;59;69;71;73;77;78;79;84;89;93;97;99
c101,0;8;9;14;17;26;29;33;36;37;41;45;46;51;61;62;64;66;70;74;77;81;86;88;89;96;97;98,
c102,0;2;6;7;12;15;18;22;24;27;28;30;35;39;40;43;46;52;57;58;59;69;71;73;77;78;79;84;89;93;97;99,
c103,0;2;6;7;12;15;18;22;24;27;28;30;35;39;40;43;46;52;57;58;59;69;71;73;77;78;79;84;89;93;97;99,0;9;31;41;45;46;66;74;77;81;89;96;97
c104,0;9;31;41;45;46;66;74;77;81;89;96;97,
c105,0;2;6;7;12;15;18;22;24;27;28;30;35;39;40;43;46;52;57;58;59;69;71;73;77;78;79;84;89;93;97;99,
c106,0;1;2;13;18;19;21;24;27;28;34;46;48;49;52;54;55;58;59;63;65;67;72;75;76;77;79;80;82;83;89;91;94;97;99,0;2;3;5;10;11;16;18;19;20;21;23;24;27;28;32;34;42;46;48;52;53;55;56;58;59;60;63;67;72;75;77;79;80;82;89;90;92;94;95;97;99
c107,0;2;6;7;12;15;18;22;24;27;28;30;35;39;40;43;46;52;57;58;59;69;71;73;77;78;79;84;89;93;97;99,0;2;3;5;10;11;16;18;19;20;21;23;24;27;28;32;34;42;46;48;52;53;55;56;58;59;60;63;67;72;75;77;79;80;82;89;90;92;94;95;97;99
c108,0;2;6;7;12;15;18;22;24;27;28;30;35;39;40;43;46;52;57;58;59;69;71;73;77;78;79;84;89;93;97;99,0;2;3;5;10;11;16;18;19;20;21;23;24;27;28;32;34;42;46;48;52;53;55;56;58;59;60;63;67;72;75;77;79;80;82;89;90;92;94;95;97;99
c109,0;46;77;89;96;97,0;2;5;18;19;21;24;27;28;34;46;48;52;55;58;59;63;67;72;75;77;79;80;82;89;94;97;99
c110,0;9;31;41;45;46;66;74;77;81;89;96;97,
c111,0;9;31;41;45;46;66;74;77;81;89;96;97,0;2;3;5;10;11;16;18;19;20;21;23;24;27;28;32;34;42;46;48;52;53;55;56;58;59;60;63;67;72;75;77;79;80;82;89;90;92;94;95;97;99
c112,0;4;25;38;44;46;47;50;68;85;89;96;97,
c113,0;9;31;41;45;46;66;74;77;81;89;96;97,0;2;6;7;12;15;18;22;24;27;28;30;35;39;40;43;46;52;57;58;59;69;71;73;77;78;79;84;89;93;97;99
c114,0;2;18;24;27;28;46;52;58;59;77;79;89;97;99,0;8;9;14;17;26;29;33;36;37;41;45;46;51;61;62;64;66;70;74;77;81;86;88;89;96;97;98
c115,0;9;31;41;45;46;66;74;77;81;89;96;97,0;46;77;89;96;97
c116,0;8;9;14;17;26;29;33;36;37;41;45;46;51;61;62;64;66;70;74;77;81;86;88;89;96;97;98,
c117,0;2;6;7;12;15;18;22;24;27;28;30;35;39;40;43;46;52;57;58;59;69;71;73;77;78;79;84;89;93;97;99,
c118,0;2;6;7;12;15;18;22;24;27;28;30;35;39;40;43;46;52;57;58;59;69;71;73;77;78;79;84;89;93;97;99,0;4;25;38;44;46;47;50;68;85;89;96;97
c119,0;9;31;41;45;46;66;74;77;81;89;96;97,0;4;25;38;44;46;47;50;68;85;89;96;97
c120,0;2;5;18;19;21;24;27;28;34;46;48;52;55;58;59;63;67;72;75;77;79;80;82;89;94;97;99,
c121,0;9;31;41;45;46;66;74;77;81;89;96;97,0;9;31;41;45;46;66;74;77;81;89;96;97
c122,0;4;25;38;44;46;47;50;68;85;89;96;97,
c123,0;9;31;41;45;46;66;74;77;81;89;96;97,
c124,0;1;2;13;18;19;21;24;27;28;34;46;48;49;52;54;55;58;59;63;65;67;72;75;76;77;79;80;82;83;89;91;94;97;99,0;9;31;41;45;46;66;74;77;81;89;96;97
c125,0;9;31;41;45;46;66;74;77;81;89;96;97,0;2;6;18;22;24;27;28;35;39;40;46;52;57;58;59;69;73;77;79;89;97;99
c126,0;2;6;18;22;24;27;28;35;39;40;46;52;57;58;59;69;73;77;79;89;97;99,0;46;77;89;96;97
c127,0;1;2;13;18;19;21;24;27;28;34;46;48;49;52;54;55;58;59;63;65;67;72;75;76;77;79;80;82;83;89;91;94;97;99,
c128,0;2;3;5;10;11;16;18;19;20;21;23;24;27;28;32;34;42;46;48;52;53;55;56;58;59;60;63;67;72;75;77;79;80;82;89;90;92;94;95;97;99,
c129,0;2;5;18;19;21;24;27;28;34;46;48;52;55;58;59;63;67;72;75;77;79;80;82;89;94;97;99,
c130,0;2;18;24;27;28;46;52;58;59;77;79;89;97;99,
c131,0;2;6;18;22;24;27;28;35;39;40;46;52;57;58;59;69;73;77;79;89;97;99,0;9;31;41;45;46;66;74;77;81;89;96;97
c132,0;9;31;41;45;46;66;74;77;81;89;96;97,
c133,0;2;6;7;12;15;18;22;24;27;28;30;35;39;40;43;46;52;57;58;59;69;71;73;77;78;79;84;89;93;97;99,
c134,0;1;2;13;18;19;21;24;27;28;34;46;48;49;52;54;55;58;59;63;65;67;72;75;76;77;79;80;82;83;89;91;94;97;99,
c135,0;9;31;41;45;46;66;74;77;81;89;96;97,0;9;31;41;45;46;66;74;77;81;89;96;97
c136,0;2;6;7;12;15;18;22;24;27;28;30;35;39;40;43;46;52;57;58;59;69;71;73;77;78;79;84;89;93;97;99,
c137,0;1;2;13;18;19;21;24;27;28;34;46;48;49;52;54;55;58;59;63;65;67;72;75;76;77;79;80;82;83;89;91;94;97;99,
c138,0;1;2;13;18;19;21;24;27;28;34;46;48;49;52;54;55;58;59;63;65;67;72;75;76;77;79;80;82;83;89;91;94;97;99,0;2;6;7;12;15;18;22;24;27;28;30;35;39;40;43;46;52;57;58;59;69;71;73;77;78;79;84;89;93;97;99
c139,0;8;9;14;17;26;29;33;36;37;41;45;46;51;61;62;64;66;70;74;77;81;86;88;89;96;97;98,0;2;3;5;10;11;16;18;19;20;21;23;24;27;28;32;34;42;46;48;52;53;55;56;58;59;60;63;67;72;75;77;79;80;82;89;90;92;94;95;97;99
c140,0;4;25;38;44;46;47;50;68;85;89;96;97,0;9;31;41;45;46;66;74;77;81;89;96;97
c141,0;2;5;18;19;21;24;27;28;34;46;48;52;55;58;59;63;67;72;75;77;79;80;82;89;94;97;99,
c142,0;2;6;7;12;15;18;22;24;27;28;30;35;39;40;43;46;52;57;58;59;69;71;73;77;78;79;84;89;93;97;99,
c143,0;2;3;5;10;11;16;18;19;20;21;23;24;27;28;32;34;42;46;48;52;53;55;56;58;59;60;63;67;72;75;77;79;80;82;89;90;92;94;95;97;99,
c144,0;4;25;38;44;46;47;50;68;85;89;96;97,0;2;6;7;12;15;18;22;24;27;28;30;35;39;40;43;46;52;57;58;59;69;71;73;77;78;79;84;89;93;97;99
c145,0;9;31;41;45;46;66;74;77;81;89;96;97,0;2;6;7;12;15;18;22;24;27;28;30;35;39;40;43;46;52;57;58;59;69;71;73;77;78;79;84;89;93;97;99
c146,0;4;25;38;44;46;47;50;68;85;89;96;97,0;1;2;13;18;19;21;24;27;28;34;46;48;49;52;54;55;58;59;63;65;67;72;75;76;77;79;80;82;83;89;91;94;97;99
c147,0;1;2;13;18;19;21;24;27;28;34;46;48;49;52;54;55;58;59;63;65;67;72;75;76;77;79;80;82;83;89;91;94;97;99,0;4;25;38;44;46;47;50;68;85;89;96;97
c148,0;2;5;18;19;21;24;27;28;34;46;48;52;55;58;59;63;67;72;75;77;79;80;82;89;94;97;99,
c149,0;9;31;41;45;46;66;74;77;81;89;96;97,0;9;31;41;45;46;66;74;77;81;89;96;97
c150,0;2;3;5;10;11;16;18;19;20;21;23;24;27;28;32;34;42;46;48;52;53;55;56;58;59;60;63;67;72;75;77;79;80;82;89;90;92;94;95;97;99,0;46;77;89;96;97
c151,0;4;25;38;44;46;47;50;68;85;89;96;97,0;2;6;7;12;15;18;22;24;27;28;30;35;39;40;43;46;52;57;58;59;69;71;73;77;78;79;84;89;93;97;99
c152,0;9;31;41;45;46;66;74;77;81;89;96;97,0;1;2;13;18;19;21;24;27;28;34;46;48;49;52;54;55;58;59;63;65;67;72;75;76;77;79;80;82;83;89;91;94;97;99
c153,0;2;6;18;22;24;27;28;35;39;40;46;52;57;58;59;69;73;77;79;89;97;99,
c154,0;9;31;41;45;46;66;74;77;81;89;96;97,
c155,0;2;6;7;12;15;18;22;24;27;28;30;35;39;40;43;46;52;57;58;59;69;71;73;77;78;79;84;89;93;97;99,
c156,0;2;5;18;19;21;24;27;28;34;46;48;52;55;58;59;63;67;72;75;77;79;80;82;89;94;97;99,
c157,0;2;6;7;12;15;18;22;24;27;28;30;35;39;40;43;46;52;57;58;59;69;71;73;77;78;79;84;89;93;97;99,0;1;2;13;18;19;21;24;27;28;34;46;48;49;52;54;55;58;59;63;65;67;72;75;76;77;79;80;82;83;89;91;94;97;99
c158,0;46;77;89;96;97,
c159,0;2;6;7;12;15;18;22;24;27;28;30;35;39;40;43;46;52;57;58;59;69;71;73;77;78;79;84;89;93;97;99,0;9;31;41;45;46;66;74;77;81;89;96;97
c160,0;2;6;7;12;15;18;22;24;27;28;30;35;39;40;43;46;52;57;58;59;69;71;73;77;78;79;84;89;93;97;99,0;2;5;18;19;21;24;27;28;34;46;48;52;55;58;59;63;67;72;75;77;79;80;82;89;94;97;99
c161,0;4;25;38;44;46;47;50;68;85;89;96;97,0;9;31;41;45;46;66;74;77;81;89;96;97
c162,0;46;77;89;96;97,0;2;3;5;10;11;16;18;19;20;21;23;24;27;28;32;34;42;46;48;52;53;55;56;58;59;60;63;67;72;75;77;79;80;82;89;90;92;94;95;97;99
c163,0;2;6;7;12;15;18;22;24;27;28;30;35;39;40;43;46;52;57;58;59;69;71;73;77;78;79;84;89;93;97;99,
c164,0;2;6;7;12;15;18;22;24;27;28;30;35;39;40;43;46;52;57;58;59;69;71;73;77;78;79;84;89;93;97;99,
c165,0;8;9;14;17;26;29;33;36;37;41;45;46;51;61;62;64;66;70;74;77;81;86;88;89;96;97;98,0;9;31;41;45;46;66;74;77;81;89;96;97
c166,0;2;6;7;12;15;18;22;24;27;28;30;35;39;40;43;46;52;57;58;59;69;71;73;77;78;79;84;89;93;97;99,0;46;77;89;96;97
c167,0;9;31;41;45;46;66;74;77;81;89;96;97,
c168,0;9;31;41;45;46;66;74;77;81;89;96;97,0;2;18;24;27;28;46;52;58;59;77;79;89;97;99
c169,0;2;6;7;12;15;18;22;24;27;28;30;35;39;40;43;46;52;57;58;59;69;71;73;77;78;79;84;89;93;97;99,0;2;3;5;10;11;16;18;19;20;21;23;24;27;28;32;34;42;46;48;52;53;55;56;58;59;60;63;67;72;75;77;79;80;82;89;90;92;94;95;97;99
c170,0;8;9;14;17;26;29;33;36;37;41;45;46;51;61;62;64;66;70;74;77;81;86;88;89;96;97;98,0;2;5;18;19;21;24;27;28;34;46;48;52;55;58;59;63;67;72;75;77;79;80;82;89;94;97;99
c171,0;8;9;14;17;26;29;33;36;37;41;45;46;51;61;62;64;66;70;74;77;81;86;88;89;96;97;98,0;2;5;18;19;21;24;27;28;34;46;48;52;55;58;59;63;67;72;75;77;79;80;82;89;94;97;99
c172,0;8;9;14;17;26;29;33;36;37;41;45;46;51;61;62;64;66;70;74;77;81;86;88;89;96;97;98,
c173,0;1;2;13;18;19;21;24;27;28;34;46;48;49;52;54;55;58;59;63;65;67;72;75;76;77;79;80;82;83;89;91;94;97;99,
c174,0;9;31;41;45;46;66;74;77;81;89;96;97,
c175,0;2;18;24;27;28;46;52;58;59;77;79;89;97;99,
c176,0;9;31;41;45;46;66;74;77;81;89;96;97,0;2;5;18;19;21;24;27;28;34;46;48;52;55;58;59;63;67;72;75;77;79;80;82;89;94;97;99
c177,0;2;18;24;27;28;46;52;58;59;77;79;89;97;99,
c178,0;9;31;41;45;46;66;74;77;81;89;96;97,0;2;18;24;27;28;46;52;58;59;77;79;89;97;99
c179,0;2;6;7;12;15;18;22;24;27;28;30;35;39;40;43;46;52;57;58;59;69;71;73;77;78;79;84;89;93;97;99,0;2;3;5;10;11;16;18;19;20;21;23;24;27;28;32;34;42;46;48;52;53;55;56;58;59;60;63;67;72;75;77;79;80;82;89;90;92;94;95;97;99
c180,0;2;5;18;19;21;24;27;28;34;46;48;52;55;58;59;63;67;72;75;77;79;80;82;89;94;97;99,
c181,0;46;77;89;96;97,
c182,0;8;9;14;17;26;29;33;36;37;41;45;46;51;61;62;64;66;70;74;77;81;86;88;89;96;97;98,0;2;6;7;12;15;18;22;24;27;28;30;35;39;40;43;46;52;57;58;59;69;71;73;77;78;79;84;89;93;97;99
c183,0;4;25;38;44;46;47;50;68;85;89;96;97,0;2;18;24;27;28;46;52;58;59;77;79;89;97;99
c184,0;8;9;14;17;26;29;33;36;37;41;45;46;51;61;62;64;66;70;74;77;81;86;88;89;96;97;98,
c185,0;46;77;89;96;97,
c186,0;2;18;24;27;28;46;52;58;59;77;79;89;97;99,
c187,0;2;6;7;12;15;18;22;24;27;28;30;35;39;40;43;46;52;57;58;59;69;71;73;77;78;79;84;89;93;97;99,
c188,0;9;31;41;45;46;66;74;77;81;89;96;97,0;2;6;7;12;15;18;22;24;27;28;30;35;39;40;43;46;52;57;58;59;69;71;73;77;78;79;84;89;93;97;99
c189,0;2;3;5;10;11;16;18;19;20;21;23;24;27;28;32;34;42;46;48;52;53;55;56;58;59;60;63;67;72;75;77;79;80;82;89;90;92;94;95;97;99,
c190,0;8;9;14;17;26;29;33;36;37;41;45;46;51;61;62;64;66;70;74;77;81;86;88;89;96;97;98,
c191,0;2;6;7;12;15;18;22;24;27;28;30;35;39;40;43;46;52;57;58;59;69;71;73;77;78;79;84;89;93;97;99,0;2;6;7;12;15;18;22;24;27;28;30;35;39;40;43;46;52;57;58;59;69;71;73;77;78;79;84;89;93;97;99
c192,0;8;9;14;17;26;29;33;36;37;41;45;46;51;61;62;64;66;70;74;77;81;86;88;89;96;97;98,0;2;6;7;12;15;18;22;24;27;28;30;35;39;40;43;46;52;57;58;59;69;71;73;77;78;79;84;89;93;97;99
c193,0;2;6;18;22;24;27;28;35;39;40;46;52;57;58;59;69;73;77;79;89;97;99,
c194,0;2;5;18;19;21;24;27;28;34;46;48;52;55;58;59;63;67;72;75;77;79;80;82;89;94;97;99,0;2;6;7;12;15;18;22;24;27;28;30;35;39;40;43;46;52;57;58;59;69;71;73;77;78;79;84;89;93;97;99
c195,0;2;6;7;12;15;18;22;24;27;28;30;35;39;40;43;46;52;57;58;59;69;71;73;77;78;79;84;89;93;97;99,
c196,0;2;3;5;10;11;16;18;19;20;21;23;24;27;28;32;34;42;46;48;52;53;55;56;58;59;60;63;67;72;75;77;79;80;82;89;90;92;94;95;97;99,0;4;25;38;44;46;47;50;68;85;89;96;97
c197,0;2;6;7;12;15;18;22;24;27;28;30;35;39;40;43;46;52;57;58;59;69;71;73;77;78;79;84;89;93;97;99,0;9;31;41;45;46;66;74;77;81;89;96;97
c198,0;9;31;41;45;46;66;74;77;81;89;96;97,
c199,0;2;6;18;22;24;27;28;35;39;40;46;52;57;58;59;69;73;77;79;89;97;99,
c200,0;9;31;41;45;46;66;74;77;81;89;96;97,
c201,0;46;77;89;96;97,0;4;25;38;44;46;47;50;68;85;89;96;97
c202,0;2;6;7;12;15;18;22;24;27;28;30;35;39;40;43;46;52;57;58;59;69;71;73;77;78;79;84;89;93;97;99,
c203,0;46;77;89;96;97,0;2;3;5;10;11;16;18;19;20;21;23;24;27;28;32;34;42;46;48;52;53;55;56;58;59;60;63;67;72;75;77;79;80;82;89;90;92;94;95;97;99
c204,0;4;25;38;44;46;47;50;68;85;89;96;97,
c205,0;2;3;5;10;11;16;18;19;20;21;23;24;27;28;32;34;42;46;48;52;53;55;56;58;59;60;63;67;72;75;77;79;80;82;89;90;92;94;95;97;99,
c206,0;9;31;41;45;46;66;74;77;81;89;96;97,0;2;6;7;12;15;18;22;24;27;28;30;35;39;40;43;46;52;57;58;59;69;71;73;77;78;79;84;89;93;97;99
c207,0;8;9;14;17;26;29;33;36;37;41;45;46;51;61;62;64;66;70;74;77;81;86;88;89;96;97;98,
c208,0;2;18;24;27;28;46;52;58;59;77;79;89;97;99,
c209,0;2;6;7;12;15;18;22;24;27;28;30;35;39;40;43;46;52;57;58;59;69;71;73;77;78;79;84;89;93;97;99,
c210,0;8;9;14;17;26;29;33;36;37;41;45;46;51;61;62;64;66;70;74;77;81;86;88;89;96;97;98,0;8;9;14;17;26;29;33;36;37;41;45;46;51;61;62;64;66;70;74;77;81;86;88;89;96;97;98
c211,0;4;25;38;44;46;47;50;68;85;89;96;97,0;2;3;5;10;11;16;18;19;20;21;23;24;27;28;32;34;42;46;48;52;53;55;56;58;59;60;63;67;72;75;77;79;80;82;89;90;92;94;95;97;99
c212,0;2;3;5;10;11;16;18;19;20;21;23;24;27;28;32;34;42;46;48;52;53;55;56;58;59;60;63;67;72;75;77;79;80;82;89;90;92;94;95;97;99,
c213,0;46;77;89;96;97,0;4;25;38;44;46;47;50;68;85;89;96;97
c214,0;4;25;38;44;46;47;50;68;85;89;96;97,
c215,0;4;25;38;44;46;47;50;68;85;89;96;97,
c216,0;2;3;5;10;11;16;18;19;20;21;23;24;27;28;32;34;42;46;48;52;53;55;56;58;59;60;63;67;72;75;77;79;80;82;89;90;92;94;95;97;99,0;9;31;41;45;46;66;74;77;81;89;96;97
c217,0;9;31;41;45;46;66;74;77;81;89;96;97,
c218,0;2;6;7;12;15;18;22;24;27;28;30;35;39;40;43;46;52;57;58;59;69;71;73;77;78;79;84;89;93;97;99,
c219,0;2;6;7;12;15;18;22;24;27;28;30;35;39;40;43;46;52;57;58;59;69;71;73;77;78;79;84;89;93;97;99,0;8;9;14;17;26;29;33;36;37;41;45;46;51;61;62;64;66;70;74;77;81;86;88;89;96;97;98
c220,0;2;3;5;10;11;16;18;19;20;21;23;24;27;28;32;34;42;46;48;52;53;55;56;58;59;60;63;67;72;75;77;79;80;82;89;90;92;94;95;97;99,
c221,0;8;9;14;17;26;29;33;36;37;41;45;46;51;61;62;64;66;70;74;77;81;86;88;89;96;97;98,
c222,0;9;31;41;45;46;66;74;77;81;89;96;97,
c223,0;2;3;5;10;11;16;18;19;20;21;23;24;27;28;32;34;42;46;48;52;53;55;56;58;59;60;63;67;72;75;77;79;80;82;89;90;92;94;95;97;99,
c224,0;2;3;5;10;11;16;18;19;20;21;23;24;27;28;32;34;42;46;48;52;53;55;56;58;59;60;63;67;72;75;77;79;80;82;89;90;92;94;95;97;99,0;2;6;7;12;15;18;22;24;27;28;30;35;39;40;43;46;52;57;58;59;69;71;73;77;78;79;84;89;93;97;99
c225,0;9;31;41;45;46;66;74;77;81;89;96;97,
c226,0;46;77;89;96;97,0;2;6;18;22;24;27;28;35;39;40;46;52;57;58;59;69;73;77;79;89;97;99
c227,0;2;18;24;27;28;46;52;58;59;77;79;89;97;99,0;2;6;7;12;15;18;22;24;27;28;30;35;39;40;43;46;52;57;58;59;69;71;73;77;78;79;84;89;93;97;99
c228,0;46;77;89;96;97,
c229,0;8;9;14;17;26;29;33;36;37;41;45;46;51;61;62;64;66;70;74;77;81;86;88;89;96;97;98,0;4;25;38;44;46;47;50;68;85;89;96;97
c230,0;9;31;41;45;46;66;74;77;81;89;96;97,0;2;18;24;27;28;46;52;58;59;77;79;89;97;99
c231,0;1;2;13;18;19;21;24;27;28;34;46;48;49;52;54;55;58;59;63;65;67;72;75;76;77;79;80;82;83;89;91;94;97;99,0;2;6;7;12;15;18;22;24;27;28;30;35;39;40;43;46;52;57;58;59;69;71;73;77;78;79;84;89;93;97;99
c232,0;8;9;14;17;26;29;33;36;37;41;45;46;51;61;62;64;66;70;74;77;81;86;88;89;96;97;98,0;2;6;7;12;15;18;22;24;27;28;30;35;39;40;43;46;52;57;58;59;69;71;73;77;78;79;84;89;93;97;99
c233,0;9;31;41;45;46;66;74;77;81;89;96;97,0;2;6;7;12;15;18;22;24;27;28;30;35;39;40;43;46;52;57;58;59;69;71;73;77;78;79;84;89;93;97;99
c234,0;9;31;41;45;46;66;74;77;81;89;96;97,0;2;5;18;19;21;24;27;28;34;46;48;52;55;58;59;63;67;72;75;77;79;80;82;89;94;97;99
c235,0;2;18;24;27;28;46;52;58;59;77;79;89;97;99,
c236,0;2;6;7;12;15;18;22;24;27;28;30;35;39;40;43;46;52;57;58;59;69;71;73;77;78;79;84;89;93;97;99,
c237,0;2;3;5;10;11;16;18;19;20;21;23;24;27;28;32;34;42;46;48;52;53;55;56;58;59;60;63;67;72;75;77;79;80;82;89;90;92;94;95;97;99,
c238,0;8;9;14;17;26;29;33;36;37;41;45;46;51;61;62;64;66;70;74;77;81;86;88;89;96;97;98,
c239,0;4;25;38;44;46;47;50;68;85;89;96;97,
c240,0;9;31;41;45;46;66;74;77;81;89;96;97,0;8;9;14;17;26;29;33;36;37;41;45;46;51;61;62;64;66;70;74;77;81;86;88;89;96;97;98
c241,0;2;3;5;10;11;16;18;19;20;21;23;24;27;28;32;34;42;46;48;52;53;55;56;58;59;60;63;67;72;75;77;79;80;82;89;90;92;94;95;97;99,
c242,0;9;31;41;45;46;66;74;77;81;89;96;97,
c243,0;2;6;7;12;15;18;22;24;27;28;30;35;39;40;43;46;52;57;58;59;69;71;73;77;78;79;84;89;93;97;99,0;2;3;5;10;11;16;18;19;20;21;23;24;27;28;32;34;42;46;48;52;53;55;56;58;59;60;63;67;72;75;77;79;80;82;89;90;92;94;95;97;99
c244,0;4;25;38;44;46;47;50;68;85;89;96;97,
c245,0;2;6;7;12;15;18;22;24;27;28;30;35;39;40;43;46;52;57;58;59;69;71;73;77;78;79;84;89;93;97;99,0;2;6;7;12;15;18;22;24;27;28;30;35;39;40;43;46;52;57;58;59;69;71;73;77;78;79;84;89;93;97;99
c246,0;9;31;41;45;46;66;74;77;81;89;96;97,
c247,0;46;77;89;96;97,0;4;25;38;44;46;47;50;68;85;89;96;97
c248,0;2;3;5;10;11;16;18;19;20;21;23;24;27;28;32;34;42;46;48;52;53;55;56;58;59;60;63;67;72;75;77;79;80;82;89;90;92;94;95;97;99,0;2;6;7;12;15;18;22;24;27;28;30;35;39;40;43;46;52;57;58;59;69;71;73;77;78;79;84;89;93;97;99
c249,0;2;6;7;12;15;18;22;24;27;28;30;35;39;40;43;46;52;57;58;59;69;71;73;77;78;79;84;89;93;97;99,
c250,0;2;3;5;10;11;16;18;19;20;21;23;24;27;28;32;34;42;46;48;52;53;55;56;58;59;60;63;67;72;75;77;79;80;82;89;90;92;94;95;97;99,
c251,0;9;31;41;45;46;66;74;77;81;89;96;97,0;2;6;18;22;24;27;28;35;39;40;46;52;57;58;59;69;73;77;79;89;97;99
c252,0;4;25;38;44;46;47;50;68;85;89;96;97,
c253,0;8;9;14;17;26;29;33;36;37;41;45;46;51;61;62;64;66;70;74;77;81;86;88;89;96;97;98,
c254,0;2;18;24;27;28;46;52;58;59;77;79;89;97;99,
c255,0;8;9;14;17;26;29;33;36;37;41;45;46;51;61;62;64;66;70;74;77;81;86;88;89;96;97;98,0;4;25;38;44;46;47;50;68;85;89;96;97
c256,0;2;6;18;22;24;27;28;35;39;40;46;52;57;58;59;69;73;77;79;89;97;99,
c257,0;9;31;41;45;46;66;74;77;81;89;96;97,0;2;18;24;27;28;46;52;58;59;77;79;89;97;99
c258,0;8;9;14;17;26;29;33;36;37;41;45;46;51;61;62;64;66;70;74;77;81;86;88;89;96;97;98,
c259,0;2;6;7;12;15;18;22;24;27;28;30;35;39;40;43;46;52;57;58;59;69;71;73;77;78;79;84;89;93;97;99,
c260,0;4;25;38;44;46;47;50;68;85;89;96;97,
c261,0;8;9;14;17;26;29;33;36;37;41;45;46;51;61;62;64;66;70;74;77;81;86;88;89;96;97;98,
c262,0;46;77;89;96;97,0;8;9;14;17;26;29;33;36;37;41;45;46;51;61;62;64;66;70;74;77;81;86;88;89;96;97;98
c263,0;9;31;41;45;46;66;74;77;81;89;96;97,0;2;6;7;12;15;18;22;24;27;28;30;35;39;40;43;46;52;57;58;59;69;71;73;77;78;79;84;89;93;97;99
c264,0;9;31;41;45;46;66;74;77;81;89;96;97,
c265,0;4;25;38;44;46;47;50;68;85;89;96;97,0;8;9;14;17;26;29;33;36;37;41;45;46;51;61;62;64;66;70;74;77;81;86;88;89;96;97;98
c266,0;9;31;41;45;46;66;74;77;81;89;96;97,
c267,0;9;31;41;45;46;66;74;77;81;89;96;97,
c268,0;8;9;14;17;26;29;33;36;37;41;45;46;51;61;62;64;66;70;74;77;81;86;88;89;96;97;98,0;4;25;38;44;46;47;50;68;85;89;96;97
c269,0;2;18;24;27;28;46;52;58;59;77;79;89;97;99,0;2;3;5;10;11;16;18;19;20;21;23;24;27;28;32;34;42;46;48;52;53;55;56;58;59;60;63;67;72;75;77;79;80;82;89;90;92;94;95;97;99
c270,0;2;6;7;12;15;18;22;24;27;28;30;35;39;40;43;46;52;57;58;59;69;71;73;77;78;79;84;89;93;97;99,
c271,0;8;9;14;17;26;29;33;36;37;41;45;46;51;61;62;64;66;70;74;77;81;86;88;89;96;97;98,0;9;31;41;45;46;66;74;77;81;89;96;97
c272,0;46;77;89;96;97,
c273,0;2;6;7;12;15;18;22;24;27;28;30;35;39;40;43;46;52;57;58;59;69;71;73;77;78;79;84;89;93;97;99,
c274,0;2;6;7;12;15;18;22;24;27;28;30;35;39;40;43;46;52;57;58;59;69;71;73;77;78;79;84;89;93;97;99,
c275,0;2;6;7;12;15;18;22;24;27;28;30;35;39;40;43;46;52;57;58;59;69;71;73;77;78;79;84;89;93;97;99,
c276,0;9;31;41;45;46;66;74;77;81;89;96;97,
c277,0;2;5;18;19;21;24;27;28;34;46;48;52;55;58;59;63;67;72;75;77;79;80;82;89;94;97;99,
c278,0;1;2;13;18;19;21;24;27;28;34;46;48;49;52;54;55;58;59;63;65;67;72;75;76;77;79;80;82;83;89;91;94;97;99,0;1;2;13;18;19;21;24;27;28;34;46;48;49;52;54;55;58;59;63;65;67;72;75;76;77;79;80;82;83;89;91;94;97;99
c279,0;4;25;38;44;46;47;50;68;85;89;96;97,
c280,0;9;31;41;45;46;66;74;77;81;89;96;97,0;9;31;41;45;46;66;74;77;81;89;96;97
c281,0;2;18;24;27;28;46;52;58;59;77;79;89;97;99,
c282,0;9;31;41;45;46;66;74;77;81;89;96;97,0;46;77;89;96;97
c283,0;2;3;5;10;11;16;18;19;20;21;23;24;27;28;32;34;42;46;48;52;53;55;56;58;59;60;63;67;72;75;77;79;80;82;89;90;92;94;95;97;99,0;2;6;7;12;15;18;22;24;27;28;30;35;39;40;43;46;52;57;58;59;69;71;73;77;78;79;84;89;93;97;99
c284,0;2;6;7;12;15;18;22;24;27;28;30;35;39;40;43;46;52;57;58;59;69;71;73;77;78;79;84;89;93;97;99,0;2;6;7;12;15;18;22;24;27;28;30;35;39;40;43;46;52;57;58;59;69;71;73;77;78;79;84;89;93;97;99
c285,0;2;6;7;12;15;18;22;24;27;28;30;35;39;40;43;46;52;57;58;59;69;71;73;77;78;79;84;89;93;97;99,0;9;31;41;45;46;66;74;77;81;89;96;97
c286,0;2;6;7;12;15;18;22;24;27;28;30;35;39;40;43;46;52;57;58;59;69;71;73;77;78;79;84;89;93;97;99,
c287,0;9;31;41;45;46;66;74;77;81;89;96;97,
c288,0;2;6;7;12;15;18;22;24;27;28;30;35;39;40;43;46;52;57;58;59;69;71;73;77;78;79;84;89;93;97;99,
c289,0;2;5;18;19;21;24;27;28;34;46;48;52;55;58;59;63;67;72;75;77;79;80;82;89;94;97;99,0;4;25;38;44;46;47;50;68;85;89;96;97
c290,0;9;31;41;45;46;66;74;77;81;89;96;97,
c291,0;2;3;5;10;11;16;18;19;20;21;23;24;27;28;32;34;42;46;48;52;53;55;56;58;59;60;63;67;72;75;77;79;80;82;89;90;92;94;95;97;99,
c292,0;2;18;24;27;28;46;52;58;59;77;79;89;97;99,0;2;6;7;12;15;18;22;24;27;28;30;35;39;40;43;46;52;57;58;59;69;71;73;77;78;79;84;89;93;97;99
c293,0;46;77;89;96;97,0;2;6;7;12;15;18;22;24;27;28;30;35;39;40;43;46;52;57;58;59;69;71;73;77;78;79;84;89;93;97;99
c294,0;8;9;14;17;26;29;33;36;37;41;45;46;51;61;62;64;66;70;74;77;81;86;88;89;96;97;98,
c295,0;2;6;7;12;15;18;22;24;27;28;30;35;39;40;43;46;52;57;58;59;69;71;73;77;78;79;84;89;93;97;99,
c296,0;9;31;41;45;46;66;74;77;81;89;96;97,
c297,0;2;6;7;12;15;18;22;24;27;28;30;35;39;40;43;46;52;57;58;59;69;71;73;77;78;79;84;89;93;97;99,0;9;31;41;45;46;66;74;77;81;89;96;97
c298,0;8;9;14;17;26;29;33;36;37;41;45;46;51;61;62;64;66;70;74;77;81;86;88;89;96;97;98,
c299,0;9;31;41;45;46;66;74;77;81;89;96;97,0;2;6;18;22;24;27;28;35;39;40;46;52;57;58;59;69;73;77;79;89;97;99
c300,0;2;5;18;19;21;24;27;28;34;46;48;52;55;58;59;63;67;72;75;77;79;80;82;89;94;97;99,
c301,0;46;77;89;96;97,
c302,0;2;6;7;12;15;18;22;24;27;28;30;35;39;40;43;46;52;57;58;59;69;71;73;77;78;79;84;89;93;97;99,0;8;9;14;17;26;29;33;36;37;41;45;46;51;61;62;64;66;70;74;77;81;86;88;89;96;97;98
c303,0;2;5;18;19;21;24;27;28;34;46;48;52;55;58;59;63;67;72;75;77;79;80;82;89;94;97;99,
c304,0;8;9;14;17;26;29;33;36;37;41;45;46;51;61;62;64;66;70;74;77;81;86;88;89;96;97;98,0;9;31;41;45;46;66;74;77;81;89;96;97
c305,0;8;9;14;17;26;29;33;36;37;41;45;46;51;61;62;64;66;70;74;77;81;86;88;89;96;97;98,
c306,0;2;6;7;12;15;18;22;24;27;28;30;35;39;40;43;46;52;57;58;59;69;71;73;77;78;79;84;89;93;97;99,
c307,0;1;2;13;18;19;21;24;27;28;34;46;48;49;52;54;55;58;59;63;65;67;72;75;76;77;79;80;82;83;89;91;94;97;99,
c308,0;2;18;24;27;28;46;52;58;59;77;79;89;97;99,0;2;6;7;12;15;18;22;24;27;28;30;35;39;40;43;46;52;57;58;59;69;71;73;77;78;79;84;89;93;97;99
c309,0;4;25;38;44;46;47;50;68;85;89;96;97,0;4;25;38;44;46;47;50;68;85;89;96;97
c310,0;8;9;14;17;26;29;33;36;37;41;45;46;51;61;62;64;66;70;74;77;81;86;88;89;96;97;98,0;46;77;89;96;97
c311,0;9;31;41;45;46;66;74;77;81;89;96;97,
c312,0;1;2;13;18;19;21;24;27;28;34;46;48;49;52;54;55;58;59;63;65;67;72;75;76;77;79;80;82;83;89;91;94;97;99,
c313,0;1;2;13;18;19;21;24;27;28;34;46;48;49;52;54;55;58;59;63;65;67;72;75;76;77;79;80;82;83;89;91;94;97;99,0;9;31;41;45;46;66;74;77;81;89;96;97
c314,0;2;5;18;19;21;24;27;28;34;46;48;52;55;58;59;63;67;72;75;77;79;80;82;89;94;97;99,
c315,0;2;3;5;10;11;16;18;19;20;21;23;24;27;28;32;34;42;46;48;52;53;55;56;58;59;60;63;67;72;75;77;79;80;82;89;90;92;94;95;97;99,0;9;31;41;45;46;66;74;77;81;89;96;97
c316,0;46;77;89;96;97,0;4;25;38;44;46;47;50;68;85;89;96;97
c317,0;9;31;41;45;46;66;74;77;81;89;96;97,0;9;31;41;45;46;66;74;77;81;89;96;97
c318,0;2;6;7;12;15;18;22;24;27;28;30;35;39;40;43;46;52;57;58;59;69;71;73;77;78;79;84;89;93;97;99,
c319,0;2;5;18;19;21;24;27;28;34;46;48;52;55;58;59;63;67;72;75;77;79;80;82;89;94;97;99,0;2;3;5;10;11;16;18;19;20;21;23;24;27;28;32;34;42;46;48;52;53;55;56;58;59;60;63;67;72;75;77;79;80;82;89;90;92;94;95;97;99
c320,0;4;25;38;44;46;47;50;68;85;89;96;97,0;9;31;41;45;46;66;74;77;81;89;96;97
c321,0;2;6;7;12;15;18;22;24;27;28;30;35;39;40;43;46;52;57;58;59;69;71;73;77;78;79;84;89;93;97;99,
c322,0;2;18;24;27;28;46;52;58;59;77;79;89;97;99,0;2;5;18;19;21;24;27;28;34;46;48;52;55;58;59;63;67;72;75;77;79;80;82;89;94;97;99
c323,0;4;25;38;44;46;47;50;68;85;89;96;97,
c324,0;8;9;14;17;26;29;33;36;37;41;45;46;51;61;62;64;66;70;74;77;81;86;88;89;96;97;98,
c325,0;9;31;41;45;46;66;74;77;81;89;96;97,0;46;77;89;96;97
c326,0;1;2;13;18;19;21;24;27;28;34;46;48;49;52;54;55;58;59;63;65;67;72;75;76;77;79;80;82;83;89;91;94;97;99,0;8;9;14;17;26;29;33;36;37;41;45;46;51;61;62;64;66;70;74;77;81;86;88;89;96;97;98
c327,0;1;2;13;18;19;21;24;27;28;34;46;48;49;52;54;55;58;59;63;65;67;72;75;76;77;79;80;82;83;89;91;94;97;99,
c328,0;9;31;41;45;46;66;74;77;81;89;96;97,0;9;31;41;45;46;66;74;77;81;89;96;97
c329,0;9;31;41;45;46;66;74;77;81;89;96;97,0;1;2;13;18;19;21;24;27;28;34;46;48;49;52;54;55;58;59;63;65;67;72;75;76;77;79;80;82;83;89;91;94;97;99
c330,0;2;6;7;12;15;18;22;24;27;28;30;35;39;40;43;46;52;57;58;59;69;71;73;77;78;79;84;89;93;97;99,
c331,0;2;3;5;10;11;16;18;19;20;21;23;24;27;28;32;34;42;46;48;52;53;55;56;58;59;60;63;67;72;75;77;79;80;82;89;90;92;94;95;97;99,0;9;31;41;45;46;66;74;77;81;89;96;97
c332,0;2;6;7;12;15;18;22;24;27;28;30;35;39;40;43;46;52;57;58;59;69;71;73;77;78;79;84;89;93;97;99,
c333,0;8;9;14;17;26;29;33;36;37;41;45;46;51;61;62;64;66;70;74;77;81;86;88;89;96;97;98,0;9;31;41;45;46;66;74;77;81;89;96;97
c334,0;2;6;18;22;24;27;28;35;39;40;46;52;57;58;59;69;73;77;79;89;97;99,0;2;6;18;22;24;27;28;35;39;40;46;52;57;58;59;69;73;77;79;89;97;99
c335,0;4;25;38;44;46;47;50;68;85;89;96;97,0;9;31;41;45;46;66;74;77;81;89;96;97
c336,0;9;31;41;45;46;66;74;77;81;89;96;97,0;2;5;18;19;21;24;27;28;34;46;48;52;55;58;59;63;67;72;75;77;79;80;82;89;94;97;99
c337,0;2;6;7;12;15;18;22;24;27;28;30;35;39;40;43;46;52;57;58;59;69;71;73;77;78;79;84;89;93;97;99,
c338,0;9;31;41;45;46;66;74;77;81;89;96;97,0;9;31;41;45;46;66;74;77;81;89;96;97
c339,0;9;31;41;45;46;66;74;77;81;89;96;97,0;9;31;41;45;46;66;74;77;81;89;96;97
c340,0;2;3;5;10;11;16;18;19;20;21;23;24;27;28;32;34;42;46;48;52;53;55;56;58;59;60;63;67;72;75;77;79;80;82;89;90;92;94;95;97;99,
c341,0;8;9;14;17;26;29;33;36;37;41;45;46;51;61;62;64;66;70;74;77;81;86;88;89;96;97;98,
c342,0;2;6;7;12;15;18;22;24;27;28;30;35;39;40;43;46;52;57;58;59;69;71;73;77;78;79;84;89;93;97;99,
c343,0;9;31;41;45;46;66;74;77;81;89;96;97,
c344,0;9;31;41;45;46;66;74;77;81;89;96;97,0;9;31;41;45;46;66;74;77;81;89;96;97
c345,0;4;25;38;44;46;47;50;68;85;89;96;97,0;46;77;89;96;97
c346,0;2;6;7;12;15;18;22;24;27;28;30;35;39;40;43;46;52;57;58;59;69;71;73;77;78;79;84;89;93;97;99,0;4;25;38;44;46;47;50;68;85;89;96;97
c347,0;1;2;13;18;19;21;24;27;28;34;46;48;49;52;54;55;58;59;63;65;67;72;75;76;77;79;80;82;83;89;91;94;97;99,
c348,0;4;25;38;44;46;47;50;68;85;89;96;97,
c349,0;4;25;38;44;46;47;50;68;85;89;96;97,0;9;31;41;45;46;66;74;77;81;89;96;97
c350,0;2;5;18;19;21;24;27;28;34;46;48;52;55;58;59;63;67;72;75;77;79;80;82;89;94;97;99,
c351,0;2;18;24;27;28;46;52;58;59;77;79;89;97;99,0;9;31;41;45;46;66;74;77;81;89;96;97
c352,0;2;6;18;22;24;27;28;35;39;40;46;52;57;58;59;69;73;77;79;89;97;99,0;9;31;41;45;46;66;74;77;81;89;96;97
c353,0;1;2;13;18;19;21;24;27;28;34;46;48;49;52;54;55;58;59;63;65;67;72;75;76;77;79;80;82;83;89;91;94;97;99,0;9;31;41;45;46;66;74;77;81;89;96;97
c354,0;8;9;14;17;26;29;33;36;37;41;45;46;51;61;62;64;66;70;74;77;81;86;88;89;96;97;98,
c355,0;2;3;5;10;11;16;18;19;20;21;23;24;27;28;32;34;42;46;48;52;53;55;56;58;59;60;63;67;72;75;77;79;80;82;89;90;92;94;95;97;99,0;2;6;7;12;15;18;22;24;27;28;30;35;39;40;43;46;52;57;58;59;69;71;73;77;78;79;84;89;93;97;99
c356,0;2;6;7;12;15;18;22;24;27;28;30;35;39;40;43;46;52;57;58;59;69;71;73;77;78;79;84;89;93;97;99,
c357,0;4;25;38;44;46;47;50;68;85;89;96;97,0;8;9;14;17;26;29;33;36;37;41;45;46;51;61;62;64;66;70;74;77;81;86;88;89;96;97;98
c358,0;2;6;7;12;15;18;22;24;27;28;30;35;39;40;43;46;52;57;58;59;69;71;73;77;78;79;84;89;93;97;99,
c359,0;2;6;7;12;15;18;22;24;27;28;30;35;39;40;43;46;52;57;58;59;69;71;73;77;78;79;84;89;93;97;99,
c360,0;4;25;38;44;46;47;50;68;85;89;96;97,
c361,0;2;6;7;12;15;18;22;24;27;28;30;35;39;40;43;46;52;57;58;59;69;71;73;77;78;79;84;89;93;97;99,
c362,0;9;31;41;45;46;66;74;77;81;89;96;97,
c363,0;2;6;7;12;15;18;22;24;27;28;30;35;39;40;43;46;52;57;58;59;69;71;73;77;78;79;84;89;93;97;99,0;9;31;41;45;46;66;74;77;81;89;96;97
c364,0;4;25;38;44;46;47;50;68;85;89;96;97,0;9;31;41;45;46;66;74;77;81;89;96;97
c365,0;2;6;18;22;24;27;28;35;39;40;46;52;57;58;59;69;73;77;79;89;97;99,0;2;6;7;12;15;18;22;24;27;28;30;35;39;40;43;46;52;57;58;59;69;71;73;77;78;79;84;89;93;97;99
c366,0;2;6;7;12;15;18;22;24;27;28;30;35;39;40;43;46;52;57;58;59;69;71;73;77;78;79;84;89;93;97;99,0;2;6;18;22;24;27;28;35;39;40;46;52;57;58;59;69;73;77;79;89;97;99
c367,0;9;31;41;45;46;66;74;77;81;89;96;97,0;9;31;41;45;46;66;74;77;81;89;96;97
c368,0;8;9;14;17;26;29;33;36;37;41;45;46;51;61;62;64;66;70;74;77;81;86;88;89;96;97;98,0;2;18;24;27;28;46;52;58;59;77;79;89;97;99
c369,0;2;6;7;12;15;18;22;24;27;28;30;35;39;40;43;46;52;57;58;59;69;71;73;77;78;79;84;89;93;97;99,0;4;25;38;44;46;47;50;68;85;89;96;97
c370,0;1;2;13;18;19;21;24;27;28;34;46;48;49;52;54;55;58;59;63;65;67;72;75;76;77;79;80;82;83;89;91;94;97;99,
c371,0;2;6;18;22;24;27;28;35;39;40;46;52;57;58;59;69;73;77;79;89;97;99,
c372,0;2;6;7;12;15;18;22;24;27;28;30;35;39;40;43;46;52;57;58;59;69;71;73;77;78;79;84;89;93;97;99,0;8;9;14;17;26;29;33;36;37;41;45;46;51;61;62;64;66;70;74;77;81;86;88;89;96;97;98
c373,0;2;3;5;10;11;16;18;19;20;21;23;24;27;28;32;34;42;46;48;52;53;55;56;58;59;60;63;67;72;75;77;79;80;82;89;90;92;94;95;97;99,0;2;6;7;12;15;18;22;24;27;28;30;35;39;40;43;46;52;57;58;59;69;71;73;77;78;79;84;89;93;97;99
c374,0;2;5;18;19;21;24;27;28;34;46;48;52;55;58;59;63;67;72;75;77;79;80;82;89;94;97;99,0;2;5;18;19;21;24;27;28;34;46;48;52;55;58;59;63;67;72;75;77;79;80;82;89;94;97;99
c375,0;1;2;13;18;19;21;24;27;28;34;46;48;49;52;54;55;58;59;63;65;67;72;75;76;77;79;80;82;83;89;91;94;97;99,
c376,0;2;6;7;12;15;18;22;24;27;28;30;35;39;40;43;46;52;57;58;59;69;71;73;77;78;79;84;89;93;97;99,0;2;5;18;19;21;24;27;28;34;46;48;52;55;58;59;63;67;72;75;77;79;80;82;89;94;97;99
c377,0;9;31;41;45;46;66;74;77;81;89;96;97,
c378,0;46;77;89;96;97,0;2;3;5;10;11;16;18;19;20;21;23;24;27;28;32;34;42;46;48;52;53;55;56;58;59;60;63;67;72;75;77;79;80;82;89;90;92;94;95;97;99
c379,0;9;31;41;45;46;66;74;77;81;89;96;97,
c380,0;2;18;24;27;28;46;52;58;59;77;79;89;97;99,0;2;3;5;10;11;16;18;19;20;21;23;24;27;28;32;34;42;46;48;52;53;55;56;58;59;60;63;67;72;75;77;79;80;82;89;90;92;94;95;97;99
c381,0;2;5;18;19;21;24;27;28;34;46;48;52;55;58;59;63;67;72;75;77;79;80;82;89;94;97;99,
c382,0;8;9;14;17;26;29;33;36;37;41;45;46;51;61;62;64;66;70;74;77;81;86;88;89;96;97;98,0;9;31;41;45;46;66;74;77;81;89;96;97
c383,0;4;25;38;44;46;47;50;68;85;89;96;97,
c384,0;46;77;89;96;97,
c385,0;1;2;13;18;19;21;24;27;28;34;46;48;49;52;54;55;58;59;63;65;67;72;75;76;77;79;80;82;83;89;91;94;97;99,
c386,0;4;25;38;44;46;47;50;68;85;89;96;97,
c387,0;9;31;41;45;46;66;74;77;81;89;96;97,
c388,0;2;3;5;10;11;16;18;19;20;21;23;24;27;28;32;34;42;46;48;52;53;55;56;58;59;60;63;67;72;75;77;79;80;82;89;90;92;94;95;97;99,0;4;25;38;44;46;47;50;68;85;89;96;97
c389,0;2;6;7;12;15;18;22;24;27;28;30;35;39;40;43;46;52;57;58;59;69;71;73;77;78;79;84;89;93;97;99,
c390,0;2;5;18;19;21;24;27;28;34;46;48;52;55;58;59;63;67;72;75;77;79;80;82;89;94;97;99,0;4;25;38;44;46;47;50;68;85;89;96;97
c391,0;9;31;41;45;46;66;74;77;81;89;96;97,0;1;2;13;18;19;21;24;27;28;34;46;48;49;52;54;55;58;59;63;65;67;72;75;76;77;79;80;82;83;89;91;94;97;99
c392,0;8;9;14;17;26;29;33;36;37;41;45;46;51;61;62;64;66;70;74;77;81;86;88;89;96;97;98,0;2;6;7;12;15;18;22;24;27;28;30;35;39;40;43;46;52;57;58;59;69;71;73;77;78;79;84;89;93;97;99
c393,0;2;6;18;22;24;27;28;35;39;40;46;52;57;58;59;69;73;77;79;89;97;99,
c394,0;2;6;7;12;15;18;22;24;27;28;30;35;39;40;43;46;52;57;58;59;69;71;73;77;78;79;84;89;93;97;99,
c395,0;2;3;5;10;11;16;18;19;20;21;23;24;27;28;32;34;42;46;48;52;53;55;56;58;59;60;63;67;72;75;77;79;80;82;89;90;92;94;95;97;99,
c396,0;2;6;7;12;15;18;22;24;27;28;30;35;39;40;43;46;52;57;58;59;69;71;73;77;78;79;84;89;93;97;99,
c397,0;9;31;41;45;46;66;74;77;81;89;96;97,0;2;6;7;12;15;18;22;24;27;28;30;35;39;40;43;46;52;57;58;59;69;71;73;77;78;79;84;89;93;97;99
c398,0;2;3;5;10;11;16;18;19;20;21;23;24;27;28;32;34;42;46;48;52;53;55;56;58;59;60;63;67;72;75;77;79;80;82;89;90;92;94;95;97;99,
c399,0;4;25;38;44;46;47;50;68;85;89;96;97,
c400,0;4;25;38;44;46;47;50;68;85;89;96;97,0;2;6;7;12;15;18;22;24;27;28;30;35;39;40;43;46;52;57;58;59;69;71;73;77;78;79;84;89;93;97;99
c401,0;2;18;24;27;28;46;52;58;59;77;79;89;97;99,
c402,0;9;31;41;45;46;66;74;77;81;89;96;97,
c403,0;2;5;18;19;21;24;27;28;34;46;48;52;55;58;59;63;67;72;75;77;79;80;82;89;94;97;99,
c404,0;9;31;41;45;46;66;74;77;81;89;96;97,
c405,0;2;6;7;12;15;18;22;24;27;28;30;35;39;40;43;46;52;57;58;59;69;71;73;77;78;79;84;89;93;97;99,0;8;9;14;17;26;29;33;36;37;41;45;46;51;61;62;64;66;70;74;77;81;86;88;89;96;97;98
c406,0;2;18;24;27;28;46;52;58;59;77;79;89;97;99,0;1;2;13;18;19;21;24;27;28;34;46;48;49;52;54;55;58;59;63;65;67;72;75;76;77;79;80;82;83;89;91;94;97;99
c407,0;2;6;7;12;15;18;22;24;27;28;30;35;39;40;43;46;52;57;58;59;69;71;73;77;78;79;84;89;93;97;99,0;2;3;5;10;11;16;18;19;20;21;23;24;27;28;32;34;42;46;48;52;53;55;56;58;59;60;63;67;72;75;77;79;80;82;89;90;92;94;95;97;99
c408,0;2;6;7;12;15;18;22;24;27;28;30;35;39;40;43;46;52;57;58;59;69;71;73;77;78;79;84;89;93;97;99,
c409,0;8;9;14;17;26;29;33;36;37;41;45;46;51;61;62;64;66;70;74;77;81;86;88;89;96;97;98,
c410,0;9;31;41;45;46;66;74;77;81;89;96;97,0;2;6;18;22;24;27;28;35;39;40;46;52;57;58;59;69;73;77;79;89;97;99
c411,0;9;31;41;45;46;66;74;77;81;89;96;97,
c412,0;8;9;14;17;26;29;33;36;37;41;45;46;51;61;62;64;66;70;74;77;81;86;88;89;96;97;98,0;2;3;5;10;11;16;18;19;20;21;23;24;27;28;32;34;42;46;48;52;53;55;56;58;59;60;63;67;72;75;77;79;80;82;89;90;92;94;95;97;99
c413,0;2;6;18;22;24;27;28;35;39;40;46;52;57;58;59;69;73;77;79;89;97;99,
c414,0;2;3;5;10;11;16;18;19;20;21;23;24;27;28;32;34;42;46;48;52;53;55;56;58;59;60;63;67;72;75;77;79;80;82;89;90;92;94;95;97;99,
c415,0;9;31;41;45;46;66;74;77;81;89;96;97,
c416,0;9;31;41;45;46;66;74;77;81;89;96;97,
c417,0;9;31;41;45;46;66;74;77;81;89;96;97,
c418,0;4;25;38;44;46;47;50;68;85;89;96;97,0;2;6;7;12;15;18;22;24;27;28;30;35;39;40;43;46;52;57;58;59;69;71;73;77;78;79;84;89;93;97;99
c419,0;2;5;18;19;21;24;27;28;34;46;48;52;55;58;59;63;67;72;75;77;79;80;82;89;94;97;99,
c420,0;1;2;13;18;19;21;24;27;28;34;46;48;49;52;54;55;58;59;63;65;67;72;75;76;77;79;80;82;83;89;91;94;97;99,0;1;2;13;18;19;21;24;27;28;34;46;48;49;52;54;55;58;59;63;65;67;72;75;76;77;79;80;82;83;89;91;94;97;99
c421,0;8;9;14;17;26;29;33;36;37;41;45;46;51;61;62;64;66;70;74;77;81;86;88;89;96;97;98,0;2;6;7;12;15;18;22;24;27;28;30;35;39;40;43;46;52;57;58;59;69;71;73;77;78;79;84;89;93;97;99
c422,0;9;31;41;45;46;66;74;77;81;89;96;97,
c423,0;2;5;18;19;21;24;27;28;34;46;48;52;55;58;59;63;67;72;75;77;79;80;82;89;94;97;99,0;9;31;41;45;46;66;74;77;81;89;96;97
c424,0;9;31;41;45;46;66;74;77;81;89;96;97,
c425,0;2;6;7;12;15;18;22;24;27;28;30;35;39;40;43;46;52;57;58;59;69;71;73;77;78;79;84;89;93;97;99,0;9;31;41;45;46;66;74;77;81;89;96;97
c426,0;2;6;7;12;15;18;22;24;27;28;30;35;39;40;43;46;52;57;58;59;69;71;73;77;78;79;84;89;93;97;99,
c427,0;2;3;5;10;11;16;18;19;20;21;23;24;27;28;32;34;42;46;48;52;53;55;56;58;59;60;63;67;72;75;77;79;80;82;89;90;92;94;95;97;99,
c428,0;4;25;38;44;46;47;50;68;85;89;96;97,
c429,0;46;77;89;96;97,
c430,0;8;9;14;17;26;29;33;36;37;41;45;46;51;61;62;64;66;70;74;77;81;86;88;89;96;97;98,
c431,0;9;31;41;45;46;66;74;77;81;89;96;97,0;8;9;14;17;26;29;33;36;37;41;45;46;51;61;62;64;66;70;74;77;81;86;88;89;96;97;98
c432,0;2;6;7;12;15;18;22;24;27;28;30;35;39;40;43;46;52;57;58;59;69;71;73;77;78;79;84;89;93;97;99,
c433,0;8;9;14;17;26;29;33;36;37;41;45;46;51;61;62;64;66;70;74;77;81;86;88;89;96;97;98,0;2;6;7;12;15;18;22;24;27;28;30;35;39;40;43;46;52;57;58;59;69;71;73;77;78;79;84;89;93;97;99
c434,0;9;31;41;45;46;66;74;77;81;89;96;97,
c435,0;2;3;5;10;11;16;18;19;20;21;23;24;27;28;32;34;42;46;48;52;53;55;56;58;59;60;63;67;72;75;77;79;80;82;89;90;92;94;95;97;99,
c436,0;9;31;41;45;46;66;74;77;81;89;96;97,0;4;25;38;44;46;47;50;68;85;89;96;97
c437,0;8;9;14;17;26;29;33;36;37;41;45;46;51;61;62;64;66;70;74;77;81;86;88;89;96;97;98,
c438,0;4;25;38;44;46;47;50;68;85;89;96;97,
c439,0;46;77;89;96;97,
c440,0;2;3;5;10;11;16;18;19;20;21;23;24;27;28;32;34;42;46;48;52;53;55;56;58;59;60;63;67;72;75;77;79;80;82;89;90;92;94;95;97;99,0;2;6;7;12;15;18;22;24;27;28;30;35;39;40;43;46;52;57;58;59;69;71;73;77;78;79;84;89;93;97;99
c441,0;8;9;14;17;26;29;33;36;37;41;45;46;51;61;62;64;66;70;74;77;81;86;88;89;96;97;98,0;9;31;41;45;46;66;74;77;81;89;96;97
c442,0;8;9;14;17;26;29;33;36;37;41;45;46;51;61;62;64;66;70;74;77;81;86;88;89;96;97;98,0;1;2;13;18;19;21;24;27;28;34;46;48;49;52;54;55;58;59;63;65;67;72;75;76;77;79;80;82;83;89;91;94;97;99
c443,0;2;6;18;22;24;27;28;35;39;40;46;52;57;58;59;69;73;77;79;89;97;99,0;8;9;14;17;26;29;33;36;37;41;45;46;51;61;62;64;66;70;74;77;81;86;88;89;96;97;98
c444,0;9;31;41;45;46;66;74;77;81;89;96;97,
c445,0;9;31;41;45;46;66;74;77;81;89;96;97,0;8;9;14;17;26;29;33;36;37;41;45;46;51;61;62;64;66;70;74;77;81;86;88;89;96;97;98
c446,0;9;31;41;45;46;66;74;77;81;89;96;97,
c447,0;2;3;5;10;11;16;18;19;20;21;23;24;27;28;32;34;42;46;48;52;53;55;56;58;59;60;63;67;72;75;77;79;80;82;89;90;92;94;95;97;99,
c448,0;1;2;13;18;19;21;24;27;28;34;46;48;49;52;54;55;58;59;63;65;67;72;75;76;77;79;80;82;83;89;91;94;97;99,0;9;31;41;45;46;66;74;77;81;89;96;97
c449,0;8;9;14;17;26;29;33;36;37;41;45;46;51;61;62;64;66;70;74;77;81;86;88;89;96;97;98,
c450,0;4;25;38;44;46;47;50;68;85;89;96;97,
c451,0;2;5;18;19;21;24;27;28;34;46;48;52;55;58;59;63;67;72;75;77;79;80;82;89;94;97;99,
c452,0;2;18;24;27;28;46;52;58;59;77;79;89;97;99,
c453,0;9;31;41;45;46;66;74;77;81;89;96;97,0;2;3;5;10;11;16;18;19;20;21;23;24;27;28;32;34;42;46;48;52;53;55;56;58;59;60;63;67;72;75;77;79;80;82;89;90;92;94;95;97;99
c454,0;2;3;5;10;11;16;18;19;20;21;23;24;27;28;32;34;42;46;48;52;53;55;56;58;59;60;63;67;72;75;77;79;80;82;89;90;92;94;95;97;99,
c455,0;8;9;14;17;26;29;33;36;37;41;45;46;51;61;62;64;66;70;74;77;81;86;88;89;96;97;98,0;4;25;38;44;46;47;50;68;85;89;96;97
c456,0;4;25;38;44;46;47;50;68;85;89;96;97,
c457,0;46;77;89;96;97,
c458,0;4;25;38;44;46;47;50;68;85;89;96;97,
c459,0;4;25;38;44;46;47;50;68;85;89;96;97,
c460,0;2;5;18;19;21;24;27;28;34;46;48;52;55;58;59;63;67;72;75;77;79;80;82;89;94;97;99,
c461,0;4;25;38;44;46;47;50;68;85;89;96;97,0;2;5;18;19;21;24;27;28;34;46;48;52;55;58;59;63;67;72;75;77;79;80;82;89;94;97;99
c462,0;8;9;14;17;26;29;33;36;37;41;45;46;51;61;62;64;66;70;74;77;81;86;88;89;96;97;98,0;9;31;41;45;46;66;74;77;81;89;96;97
c463,0;4;25;38;44;46;47;50;68;85;89;96;97,0;2;6;7;12;15;18;22;24;27;28;30;35;39;40;43;46;52;57;58;59;69;71;73;77;78;79;84;89;93;97;99
c464,0;2;3;5;10;11;16;18;19;20;21;23;24;27;28;32;34;42;46;48;52;53;55;56;58;59;60;63;67;72;75;77;79;80;82;89;90;92;94;95;97;99,
c465,0;2;6;18;22;24;27;28;35;39;40;46;52;57;58;59;69;73;77;79;89;97;99,0;9;31;41;45;46;66;74;77;81;89;96;97
c466,0;9;31;41;45;46;66;74;77;81;89;96;97,
c467,0;9;31;41;45;46;66;74;77;81;89;96;97,
c468,0;2;6;7;12;15;18;22;24;27;28;30;35;39;40;43;46;52;57;58;59;69;71;73;77;78;79;84;89;93;97;99,
c469,0;46;77;89;96;97,
c470,0;2;6;18;22;24;27;28;35;39;40;46;52;57;58;59;69;73;77;79;89;97;99,
c471,0;2;6;7;12;15;18;22;24;27;28;30;35;39;40;43;46;52;57;58;59;69;71;73;77;78;79;84;89;93;97;99,
c472,0;2;6;7;12;15;18;22;24;27;28;30;35;39;40;43;46;52;57;58;59;69;71;73;77;78;79;84;89;93;97;99,
c473,0;9;31;41;45;46;66;74;77;81;89;96;97,0;4;25;38;44;46;47;50;68;85;89;96;97
c474,0;9;31;41;45;46;66;74;77;81;89;96;97,
c475,0;9;31;41;45;46;66;74;77;81;89;96;97,0;46;77;89;96;97
c476,0;2;18;24;27;28;46;52;58;59;77;79;89;97;99,
c477,0;2;5;18;19;21;24;27;28;34;46;48;52;55;58;59;63;67;72;75;77;79;80;82;89;94;97;99,
c478,0;2;6;7;12;15;18;22;24;27;28;30;35;39;40;43;46;52;57;58;59;69;71;73;77;78;79;84;89;93;97;99,0;2;5;18;19;21;24;27;28;34;46;48;52;55;58;59;63;67;72;75;77;79;80;82;89;94;97;99
c479,0;2;6;7;12;15;18;22;24;27;28;30;35;39;40;43;46;52;57;58;59;69;71;73;77;78;79;84;89;93;97;99,
c480,0;8;9;14;17;26;29;33;36;37;41;45;46;51;61;62;64;66;70;74;77;81;86;88;89;96;97;98,
c481,0;4;25;38;44;46;47;50;68;85;89;96;97,
c482,0;8;9;14;17;26;29;33;36;37;41;45;46;51;61;62;64;66;70;74;77;81;86;88;89;96;97;98,
c483,0;8;9;14;17;26;29;33;36;37;41;45;46;51;61;62;64;66;70;74;77;81;86;88;89;96;97;98,
c484,0;2;6;7;12;15;18;22;24;27;28;30;35;39;40;43;46;52;57;58;59;69;71;73;77;78;79;84;89;93;97;99,
c485,0;2;18;24;27;28;46;52;58;59;77;79;89;97;99,0;9;31;41;45;46;66;74;77;81;89;96;97
c486,0;2;6;7;12;15;18;22;24;27;28;30;35;39;40;43;46;52;57;58;59;69;71;73;77;78;79;84;89;93;97;99,
c487,0;2;3;5;10;11;16;18;19;20;21;23;24;27;28;32;34;42;46;48;52;53;55;56;58;59;60;63;67;72;75;77;79;80;82;89;90;92;94;95;97;99,
c488,0;9;31;41;45;46;66;74;77;81;89;96;97,0;2;3;5;10;11;16;18;19;20;21;23;24;27;28;32;34;42;46;48;52;53;55;56;58;59;60;63;67;72;75;77;79;80;82;89;90;92;94;95;97;99
c489,0;2;6;7;12;15;18;22;24;27;28;30;35;39;40;43;46;52;57;58;59;69;71;73;77;78;79;84;89;93;97;99,
c490,0;4;25;38;44;46;47;50;68;85;89;96;97,0;8;9;14;17;26;29;33;36;37;41;45;46;51;61;62;64;66;70;74;77;81;86;88;89;96;97;98
c491,0;2;3;5;10;11;16;18;19;20;21;23;24;27;28;32;34;42;46;48;52;53;55;56;58;59;60;63;67;72;75;77;79;80;82;89;90;92;94;95;97;99,
c492,0;8;9;14;17;26;29;33;36;37;41;45;46;51;61;62;64;66;70;74;77;81;86;88;89;96;97;98,0;2;18;24;27;28;46;52;58;59;77;79;89;97;99
c493,0;4;25;38;44;46;47;50;68;85;89;96;97,0;9;31;41;45;46;66;74;77;81;89;96;97
c494,0;8;9;14;17;26;29;33;36;37;41;45;46;51;61;62;64;66;70;74;77;81;86;88;89;96;97;98,0;8;9;14;17;26;29;33;36;37;41;45;46;51;61;62;64;66;70;74;77;81;86;88;89;96;97;98
c495,0;2;6;7;12;15;18;22;24;27;28;30;35;39;40;43;46;52;57;58;59;69;71;73;77;78;79;84;89;93;97;99,
c496,0;2;6;7;12;15;18;22;24;27;28;30;35;39;40;43;46;52;57;58;59;69;71;73;77;78;79;84;89;93;97;99,0;2;5;18;19;21;24;27;28;34;46;48;52;55;58;59;63;67;72;75;77;79;80;82;89;94;97;99
c497,0;4;25;38;44;46;47;50;68;85;89;96;97,
c498,0;9;31;41;45;46;66;74;77;81;89;96;97,0;2;6;7;12;15;18;22;24;27;28;30;35;39;40;43;46;52;57;58;59;69;71;73;77;78;79;84;89;93;97;99
c499,0;9;31;41;45;46;66;74;77;81;89;96;97,
c500,0;9;31;41;45;46;66;74;77;81;89;96;97,
