"cell_id"	"var0"	"var1"	"var2"	"var3"	"var4"	"var5"	"var6"	"var7"	"var8"	"var9"	"var10"	"var11"	"var12"	"var13"	"var14"	"var15"	"var16"	"var17"	"var18"	"var19"	"var20"	"var21"	"var22"	"var23"	"var24"	"var25"	"var26"	"var27"	"var28"	"var29"	"var30"	"var31"	"var32"	"var33"	"var34"	"var35"	"var36"	"var37"	"var38"	"var39"	"var40"	"var41"	"var42"	"var43"	"var44"	"var45"	"var46"	"var47"	"var48"	"var49"
"c1"	1	0	0	0	0	0	0	0	0	1	0	0	0	0	0	0	0	0	0	0	0	1	0	1	0	0	0	0	0	0	0	0	0	0	0	0	1	0	0	0	0	0	0	0	0	1	0	0	0	0
"c2"	1	0	1	0	0	0	0	0	1	0	0	1	0	0	0	1	0	0	0	0	0	1	1	1	0	1	0	0	0	0	0	0	0	0	0	0	1	0	0	1	0	0	0	1	0	1	0	0	0	0
"c3"	1	0	1	0	0	0	1	0	0	0	0	0	0	0	0	0	0	0	0	0	0	1	1	1	0	1	0	0	0	0	0	0	2	0	1	1	0	0	0	0	0	0	1	0	0	1	1	0	0	1
"c4"	1	0	1	0	1	0	0	0	0	0	1	0	1	0	0	0	0	0	1	0	0	1	1	1	0	1	0	0	0	0	0	1	0	0	0	0	0	1	0	0	0	1	0	0	0	1	0	0	0	0
"c5"	1	0	1	0	0	0	0	0	0	0	0	0	0	0	0	0	0	0	0	0	0	1	1	1	0	1	0	0	0	0	0	0	0	0	0	0	0	0	0	0	0	0	0	0	0	2	0	0	0	0
"c6"	1	0	1	0	0	0	1	2	0	0	0	0	0	2	0	0	0	1	0	2	0	1	0	1	0	1	0	0	0	0	0	0	2	0	1	1	0	0	0	0	0	0	1	0	1	1	1	0	0	1
"c7"	1	0	1	1	0	2	0	0	0	0	0	0	0	0	1	0	2	0	0	0	1	1	1	1	0	1	2	0	0	0	0	0	0	1	0	0	0	0	2	0	2	0	0	0	0	1	0	0	1	0
"c8"	1	0	0	0	0	0	0	0	1	1	0	1	0	0	0	1	0	0	0	0	0	1	0	1	0	0	0	0	0	0	0	0	0	0	0	0	1	0	0	1	0	0	0	1	0	1	3	0	0	0
"c9"	1	0	1	0	1	0	1	0	0	0	1	0	1	0	0	0	0	0	1	0	0	1	1	1	0	1	0	0	0	0	0	1	1	0	1	1	0	1	0	0	0	1	1	0	0	1	1	0	0	1
"c10"	2	1	1	0	0	1	0	0	0	0	0	0	0	0	0	0	0	0	0	0	1	1	1	1	1	1	0	1	1	2	0	0	0	0	0	0	0	0	2	0	1	0	0	0	0	1	0	1	1	0
"c11"	1	0	2	0	0	0	1	0	0	0	0	0	0	0	0	0	0	0	0	0	0	1	1	1	0	1	0	0	0	0	0	0	2	0	1	1	0	0	0	0	0	0	1	0	0	1	1	0	0	1
"c12"	2	0	2	0	0	0	0	0	0	0	0	0	0	0	0	0	0	0	0	0	0	1	1	1	0	1	0	0	0	0	0	0	0	0	0	0	0	0	0	0	0	0	0	0	0	1	0	0	0	0
"c13"	1	1	1	1	0	1	0	0	0	0	0	0	0	0	1	0	1	0	0	0	1	1	1	1	0	1	2	1	1	1	1	0	0	1	0	0	0	0	2	0	1	0	0	0	0	1	0	1	1	0
"c14"	1	0	1	0	0	1	0	0	0	1	0	0	0	0	1	1	0	0	0	0	1	1	1	1	0	1	1	0	0	0	1	0	0	1	0	0	1	0	1	0	1	0	0	0	0	1	0	0	0	0
"c15"	1	0	0	0	0	0	0	0	1	1	0	1	0	0	0	1	0	0	0	0	0	1	0	1	0	0	0	0	0	0	0	0	0	0	0	0	1	0	0	1	0	0	0	1	0	1	0	0	0	0
"c16"	1	0	1	0	0	1	1	0	0	0	0	0	0	0	0	0	0	0	0	0	1	1	1	1	0	1	0	0	0	0	0	0	1	0	1	1	0	0	1	0	1	0	1	0	0	1	1	0	1	1
"c17"	1	0	1	0	0	0	1	0	0	0	0	0	0	0	0	0	0	0	0	0	0	1	2	2	0	2	0	0	0	0	0	0	2	0	1	1	0	0	0	0	0	0	1	0	0	1	1	0	0	1
"c18"	1	1	1	0	0	1	0	0	0	0	0	0	0	0	0	0	0	0	0	0	1	1	1	0	1	1	0	1	1	2	0	0	0	0	0	0	0	0	2	0	1	0	0	0	0	1	0	1	1	0
"c19"	1	0	0	0	0	0	0	0	0	0	0	0	0	0	0	0	0	0	0	0	0	2	0	1	0	0	0	0	0	0	0	0	0	0	0	0	0	0	0	0	0	0	0	0	0	1	0	0	0	0
"c20"	1	0	1	1	0	1	0	0	0	1	0	0	0	0	1	1	1	0	0	0	1	1	1	1	0	1	1	0	0	0	1	0	0	1	0	0	1	0	1	0	1	0	0	0	0	1	0	0	1	0
"c21"	1	0	0	0	0	0	0	0	1	1	0	1	0	0	0	1	0	0	0	0	0	1	0	2	0	0	0	0	0	0	0	0	0	0	0	0	1	0	0	1	0	0	0	1	0	1	0	0	0	0
"c22"	1	0	1	0	0	0	1	0	0	0	0	0	0	0	0	0	0	0	0	0	0	1	1	1	0	1	0	0	0	0	0	0	1	0	1	1	0	0	0	0	0	0	1	0	0	1	1	0	0	1
"c23"	1	0	1	0	0	0	0	0	0	0	0	0	0	0	0	0	0	0	0	0	0	1	1	1	0	1	0	0	0	0	0	0	0	0	0	0	0	0	0	0	0	0	0	0	0	1	0	0	0	0
"c24"	1	1	1	0	0	2	0	0	0	0	0	0	0	0	0	0	0	0	0	0	1	1	1	1	1	1	0	1	1	2	0	0	0	0	0	0	0	0	2	0	1	0	0	0	0	1	0	1	1	0
"c25"	1	0	0	0	2	0	0	0	0	0	1	0	1	0	0	0	0	0	1	0	0	1	0	0	0	0	0	0	0	0	0	1	0	0	0	0	0	0	0	0	0	2	0	0	0	1	0	0	0	0
"c26"	1	0	0	0	0	0	0	0	1	1	0	1	0	0	0	2	0	0	0	0	0	1	0	1	0	0	0	0	0	0	0	0	0	0	0	0	1	0	0	1	0	0	0	1	0	1	0	0	0	0
"c27"	1	0	1	1	0	1	0	0	0	0	0	0	0	0	1	0	2	0	0	0	1	1	1	1	0	1	2	0	0	0	1	0	0	1	0	0	0	0	2	0	1	0	0	0	0	1	0	0	1	0
"c28"	1	0	0	0	0	0	0	0	1	1	0	1	0	0	0	1	0	0	0	0	0	1	0	1	0	0	0	0	0	0	0	0	0	0	0	0	1	0	0	1	0	0	0	1	0	1	0	0	0	0
"c29"	1	0	1	0	0	0	0	0	0	0	0	0	0	0	0	0	0	0	0	0	0	1	1	1	0	1	0	0	0	0	0	0	0	0	0	0	0	0	0	0	0	0	0	0	0	1	0	0	0	0
"c30"	1	0	0	0	2	0	3	0	0	0	1	0	1	0	0	0	0	0	1	0	0	1	0	1	0	0	0	0	0	0	0	2	0	0	0	0	0	1	0	0	0	2	0	0	0	1	0	0	0	0
"c31"	1	0	2	1	0	1	1	1	0	0	0	0	0	1	1	0	1	1	0	1	1	1	1	1	0	1	1	0	0	0	1	0	1	1	1	1	0	0	1	0	1	0	1	0	1	1	1	0	1	1
"c32"	0	0	1	0	0	0	1	1	0	0	0	0	0	2	0	0	0	1	0	2	0	1	1	1	0	1	0	0	0	0	0	0	2	0	1	1	0	0	0	0	0	0	1	0	1	1	1	0	0	0
"c33"	1	0	1	1	0	1	0	0	0	0	0	0	0	0	2	0	1	0	0	0	1	2	1	1	0	1	2	0	0	0	1	0	0	1	0	0	0	0	2	0	1	0	0	0	0	1	0	0	1	0
"c34"	1	0	0	0	0	0	0	0	1	2	0	1	0	0	0	1	0	0	0	0	0	1	0	1	0	0	0	0	0	0	0	0	0	0	0	0	1	0	0	1	0	0	0	0	0	1	0	0	0	0
"c35"	1	0	0	0	0	0	0	0	0	0	0	0	0	0	0	0	0	0	0	0	0	1	0	1	0	0	0	0	0	0	0	0	0	0	0	0	0	0	0	0	0	0	0	0	0	1	0	0	0	0
"c36"	1	0	1	0	0	0	1	1	0	0	0	0	0	1	0	0	0	1	0	1	0	1	1	1	0	1	0	0	0	0	0	0	1	0	1	1	0	0	0	0	0	0	1	0	1	1	1	0	0	0
"c37"	1	0	0	0	0	0	0	0	0	0	0	0	0	0	0	0	0	0	0	0	0	1	0	1	0	0	0	0	0	0	0	0	0	0	0	0	0	0	0	0	0	0	0	0	0	1	0	0	0	0
"c38"	1	0	1	0	0	0	1	1	0	1	0	0	0	1	0	1	0	1	0	1	0	1	1	1	0	1	0	0	0	0	0	0	1	0	0	1	1	0	0	0	0	0	1	0	0	1	1	0	0	1
"c39"	1	0	1	0	0	0	1	0	0	0	0	0	0	0	0	0	0	0	0	0	0	1	1	1	0	1	0	0	0	0	0	0	2	0	1	1	0	0	0	0	0	0	0	0	0	1	1	0	0	1
"c40"	1	0	0	0	0	0	0	0	0	1	0	1	0	0	0	1	0	0	0	0	0	1	0	1	0	0	0	0	0	0	0	0	0	0	0	0	2	0	0	0	0	0	0	1	0	1	0	0	0	0
"c41"	1	0	0	0	1	0	0	0	0	1	0	0	1	0	0	0	0	0	1	0	0	1	0	1	0	0	0	0	0	0	0	1	0	0	0	0	1	1	0	0	0	1	0	0	0	1	0	0	0	0
"c42"	1	1	1	0	0	1	1	0	0	0	0	0	0	0	0	0	0	0	0	0	0	1	1	1	1	1	0	1	1	1	0	0	1	0	1	1	0	0	1	0	1	0	1	0	0	1	1	1	1	1
"c43"	1	0	1	0	0	0	0	0	0	0	0	0	0	0	0	0	0	0	0	0	0	1	1	1	0	1	0	0	0	0	0	0	0	0	0	0	0	0	0	0	0	0	0	0	0	1	0	0	0	0
"c44"	1	0	1	0	0	0	1	0	1	1	0	1	0	0	0	1	0	0	0	0	0	1	1	1	0	1	0	0	0	0	0	0	1	0	1	1	1	0	0	1	0	0	1	1	0	1	1	0	0	1
"c45"	1	0	0	0	0	0	0	0	1	1	0	1	0	0	0	1	0	0	0	0	0	1	0	1	0	0	0	0	0	0	0	0	0	0	0	0	1	0	0	1	0	0	0	1	0	1	0	0	0	0
"c46"	1	0	1	0	0	0	0	0	1	1	0	1	0	0	0	1	0	0	0	0	0	1	0	1	0	1	0	0	0	0	0	0	0	0	0	0	1	0	0	1	0	0	0	0	0	1	0	0	0	0
"c47"	1	0	0	0	0	0	0	0	1	1	0	1	0	0	0	1	0	0	0	0	0	1	0	1	0	0	0	0	0	0	0	0	0	0	0	0	1	0	0	1	0	0	0	1	0	1	0	0	0	0
"c48"	1	1	1	0	0	1	0	0	0	0	0	0	0	0	0	0	0	0	0	0	1	1	1	1	1	1	0	1	1	2	0	0	0	0	0	0	0	0	2	0	1	0	0	0	0	2	0	2	1	0
"c49"	1	0	1	1	0	1	1	1	0	0	0	0	0	1	1	0	1	1	0	1	1	1	1	1	0	1	1	0	0	0	1	0	1	1	1	1	0	0	1	0	1	0	1	0	1	1	1	0	1	1
"c50"	1	0	1	0	0	0	0	0	0	0	0	0	0	0	1	0	1	0	0	0	0	1	1	1	0	1	1	0	0	0	1	0	0	1	0	0	0	0	1	0	1	0	0	0	0	2	0	0	0	0
"c51"	1	0	1	1	0	1	0	0	0	0	0	0	0	0	1	0	1	0	0	0	1	1	1	1	0	1	1	0	0	0	1	0	0	1	0	0	0	0	1	0	1	0	0	0	0	1	0	0	0	0
"c52"	1	0	0	0	0	0	0	0	1	1	0	1	0	0	0	1	0	0	0	0	0	1	0	1	0	0	0	0	0	0	0	0	0	0	0	0	1	0	0	1	0	0	0	1	0	1	0	0	0	0
"c53"	1	0	1	0	1	0	1	0	0	0	1	0	1	0	0	0	0	0	1	0	0	1	0	1	0	1	0	0	0	0	0	1	1	0	1	1	0	1	0	0	0	1	1	0	0	1	1	0	0	1
"c54"	1	0	0	0	0	0	0	0	1	1	0	1	0	0	0	1	0	0	0	0	0	0	0	2	0	0	0	0	0	0	0	0	0	0	0	0	1	0	0	1	0	0	0	1	0	1	0	0	0	0
"c55"	1	0	1	0	0	0	2	0	0	0	0	0	0	0	0	0	0	0	0	0	0	1	2	1	0	2	0	0	0	0	0	0	2	0	1	1	0	0	0	0	0	0	1	0	0	1	1	0	0	1
"c56"	1	0	0	0	0	0	0	0	2	1	0	1	0	0	0	2	0	0	0	0	0	1	0	1	0	0	0	0	0	0	0	0	0	0	0	0	1	0	0	1	0	0	0	1	0	1	0	0	0	0
"c57"	1	0	0	0	2	3	0	0	0	0	1	0	1	0	0	0	0	0	2	0	0	1	0	1	0	0	0	0	0	0	0	1	0	0	0	0	0	1	0	0	0	2	0	0	0	1	0	0	0	0
"c58"	1	0	1	0	0	0	1	1	0	0	0	0	0	2	0	0	0	1	0	2	0	1	1	1	0	1	0	0	0	0	0	0	2	0	2	1	0	0	0	0	0	0	1	0	1	1	1	0	0	1
"c59"	2	0	0	0	0	0	0	0	2	1	0	1	0	0	0	1	0	0	0	0	0	1	0	1	0	0	0	0	0	0	0	0	0	0	0	0	2	0	0	1	0	0	0	1	0	1	0	0	0	0
"c60"	1	0	1	0	0	0	0	0	0	0	0	0	0	0	0	0	0	0	0	0	0	1	1	1	0	1	0	0	0	0	0	0	0	0	0	0	0	0	0	0	0	0	0	0	0	1	0	0	0	0
"c61"	1	0	1	0	0	0	1	0	0	0	0	0	0	0	0	0	0	0	0	0	0	1	1	1	0	1	0	0	0	0	0	0	2	0	1	1	0	0	0	0	0	0	1	0	0	1	1	0	0	1
"c62"	1	0	1	0	0	0	0	0	1	1	0	0	0	0	0	1	0	0	0	0	0	1	1	1	0	1	0	0	0	0	0	0	0	0	0	0	1	0	0	1	0	0	0	1	0	1	0	0	0	0
"c63"	1	0	0	0	0	0	0	0	1	1	0	2	0	0	0	1	0	0	0	0	0	1	0	1	0	0	0	0	0	0	0	0	0	0	0	0	1	0	0	1	0	0	0	1	0	1	0	0	0	0
"c64"	1	0	1	0	0	0	0	0	0	1	0	0	0	0	0	1	0	0	0	0	0	1	1	1	0	1	0	0	0	0	0	0	1	0	1	1	1	0	0	0	0	0	0	0	0	0	1	0	0	1
"c65"	1	0	0	0	0	0	0	0	0	1	0	0	0	0	0	1	0	0	0	0	0	1	0	1	0	0	0	0	0	0	0	0	0	0	0	0	1	0	0	0	0	0	0	0	0	1	0	0	0	0
"c66"	1	0	1	0	0	0	0	0	0	0	0	0	0	0	0	0	0	0	0	0	0	1	1	1	0	1	0	0	0	0	0	0	2	1	1	1	0	0	0	0	0	0	1	0	0	1	1	0	0	1
"c67"	1	0	0	0	2	0	0	0	0	0	1	0	1	0	0	0	0	0	1	0	0	1	0	1	0	0	0	0	0	0	0	1	0	0	0	0	0	1	0	0	0	2	0	0	0	1	0	0	0	0
"c68"	1	0	1	0	0	1	0	0	0	0	0	0	0	0	0	0	0	0	0	0	1	1	1	1	0	1	0	0	0	0	0	0	0	0	0	0	0	0	1	0	1	0	0	0	0	1	0	0	1	0
"c69"	1	0	1	0	0	0	0	0	0	0	0	0	0	0	0	0	0	0	0	0	0	1	1	1	0	1	0	0	0	0	0	0	0	0	0	0	0	0	0	0	0	0	0	0	0	1	0	0	0	0
"c70"	1	1	1	0	0	1	0	0	0	0	0	0	0	0	0	0	0	0	0	0	1	1	1	1	1	1	0	1	1	2	0	0	0	0	0	0	0	0	2	0	2	0	0	0	0	1	0	1	1	0
"c71"	2	1	1	0	0	0	0	0	0	0	0	0	0	0	0	0	0	0	0	0	0	1	1	1	1	1	0	1	1	1	0	0	0	0	0	0	0	0	1	0	1	0	0	0	0	1	0	1	1	0
"c72"	0	0	0	0	0	0	0	0	1	1	0	1	0	0	0	1	0	0	0	0	0	1	0	1	0	0	0	0	0	0	0	0	0	0	0	0	1	0	0	1	0	0	0	1	0	1	0	0	0	0
"c73"	1	0	0	0	0	0	0	0	1	1	0	1	0	0	0	1	0	0	0	0	0	1	0	1	0	0	0	0	0	0	0	0	0	0	0	0	1	0	0	1	0	0	0	1	0	0	0	0	0	0
"c74"	1	0	1	0	0	0	0	0	0	0	0	0	0	0	0	0	0	0	0	0	0	1	1	1	0	1	0	0	0	0	0	0	0	0	0	0	0	0	0	0	0	0	0	0	0	1	0	0	0	0
"c75"	1	0	0	0	0	0	0	0	1	1	0	1	0	0	0	1	0	0	0	0	0	1	0	1	0	0	0	0	0	0	0	0	0	0	0	0	1	0	0	1	0	0	0	1	0	1	0	0	0	0
"c76"	1	1	1	0	0	1	0	0	0	0	0	0	0	0	0	0	0	0	0	0	1	1	1	2	1	1	0	1	1	2	0	0	0	0	0	0	0	0	2	0	1	0	0	0	0	1	0	1	1	0
"c77"	1	0	0	0	2	0	0	0	0	0	1	0	2	0	0	0	0	0	1	0	0	0	0	1	0	0	0	0	0	0	0	1	0	0	0	0	0	1	0	0	0	2	0	0	0	1	0	0	0	0
"c78"	1	1	1	0	0	1	0	0	0	0	0	0	0	0	0	0	0	0	0	0	1	1	1	1	1	1	0	1	1	2	0	0	0	0	0	0	0	0	2	0	1	0	0	0	0	1	0	1	1	0
"c79"	1	0	1	1	0	1	1	0	0	0	0	0	0	0	1	0	1	0	0	0	1	1	1	1	0	1	1	0	0	0	1	0	1	1	1	1	0	0	1	0	1	0	1	0	0	1	1	0	1	1
"c80"	1	0	1	0	0	0	1	0	1	1	0	0	0	1	0	1	0	1	0	1	0	1	1	1	0	1	0	0	0	0	0	0	1	0	1	1	1	0	0	1	0	0	1	1	1	1	0	0	0	1
"c81"	1	0	0	0	2	0	0	0	0	0	1	0	1	0	0	0	0	0	1	0	0	1	0	1	0	0	0	0	0	0	0	1	0	0	0	0	0	1	0	0	0	2	0	0	0	1	0	0	0	0
"c82"	1	0	1	0	0	0	1	1	0	0	0	0	0	2	0	0	0	1	0	2	0	1	1	1	0	1	0	0	0	0	0	0	2	0	1	1	0	0	0	0	0	0	1	0	1	1	1	0	0	1
"c83"	1	0	1	0	0	1	0	0	1	1	0	1	0	0	0	1	0	0	0	0	0	1	0	1	0	1	0	0	0	0	0	0	0	0	0	0	1	0	1	1	1	0	0	1	0	1	0	0	1	0
"c84"	1	0	1	0	0	0	0	0	0	0	0	0	0	0	0	0	0	0	0	0	0	1	1	1	0	1	0	0	0	0	0	0	0	0	0	0	0	0	0	0	0	0	0	0	0	1	0	0	0	0
"c85"	1	0	1	0	0	1	0	0	0	0	0	0	0	0	0	0	0	0	0	0	1	1	2	1	0	1	0	0	0	0	0	0	0	0	0	0	0	0	2	0	1	0	0	0	0	1	0	0	1	0
"c86"	1	0	1	0	0	0	0	0	1	1	0	1	0	0	0	1	0	0	0	0	0	1	1	1	0	1	0	0	0	0	0	0	0	0	0	0	1	0	0	1	0	0	0	1	0	1	0	0	0	0
"c87"	1	0	2	3	0	0	1	1	0	0	0	0	0	2	0	0	0	1	0	2	0	1	1	1	0	1	0	0	0	0	0	0	2	0	1	1	0	0	0	0	0	0	1	0	1	1	1	0	0	1
"c88"	0	0	1	0	0	0	0	0	0	0	0	0	0	0	0	0	0	0	0	0	0	1	1	1	0	3	0	0	0	0	0	0	0	0	0	0	0	0	0	0	0	0	0	0	0	1	0	0	0	0
"c89"	1	0	1	0	0	0	0	0	0	0	0	0	0	0	0	0	0	0	0	0	0	1	1	1	0	1	0	0	0	0	0	0	0	0	0	0	0	0	0	0	0	0	0	0	0	1	0	0	0	0
"c90"	1	0	0	0	0	0	0	0	0	1	0	0	0	0	0	2	0	0	0	0	0	1	0	1	0	0	0	0	0	0	0	0	0	0	0	0	1	0	0	0	0	0	0	0	0	1	0	0	0	0
"c91"	1	0	1	1	0	1	0	0	0	0	3	0	0	0	1	0	1	0	0	0	1	1	1	1	0	2	2	0	0	0	1	0	0	1	0	0	0	0	2	0	2	0	0	0	0	1	0	0	1	0
"c92"	1	0	0	0	0	0	0	0	1	1	0	1	0	0	0	1	0	0	0	0	0	1	0	1	0	0	0	0	0	0	0	0	0	0	0	0	1	0	0	1	0	0	0	1	0	0	0	0	0	0
"c93"	1	0	0	0	0	0	0	0	1	1	0	1	0	0	0	1	0	0	0	0	0	1	0	1	0	0	0	0	0	0	0	0	0	0	0	0	1	0	0	1	0	0	0	1	0	1	0	0	0	0
"c94"	1	1	2	0	0	1	0	0	0	0	0	0	0	0	0	0	0	0	0	0	1	1	1	1	1	1	0	0	1	2	0	0	0	0	0	0	3	0	2	0	1	0	0	0	0	1	0	1	1	0
"c95"	1	3	1	1	0	0	0	0	0	0	0	0	0	0	1	0	1	0	0	0	1	1	2	1	0	1	2	0	0	0	2	0	0	1	0	0	0	0	2	0	1	0	0	0	0	1	0	0	1	0
"c96"	1	0	1	0	0	0	1	0	0	0	0	0	0	0	0	0	0	0	0	0	0	1	1	1	0	1	0	0	0	0	0	0	2	0	1	1	0	0	0	0	0	0	1	0	0	1	1	0	0	1
"c97"	1	0	1	0	0	0	0	0	0	0	0	0	0	0	0	0	0	0	0	0	0	1	1	1	0	1	0	0	0	0	0	0	0	0	0	0	0	0	0	0	0	0	0	0	0	1	0	0	0	0
"c98"	1	0	1	0	0	0	1	0	0	0	0	0	0	0	0	0	0	0	0	0	0	1	1	1	0	1	0	0	0	0	0	0	1	0	1	1	0	0	0	0	0	0	1	0	0	1	1	0	0	1
"c99"	1	0	0	0	0	0	0	0	1	1	0	1	0	0	0	1	0	0	0	0	0	1	0	1	0	0	0	0	0	0	0	0	0	0	0	0	1	0	0	1	0	0	0	1	0	1	0	0	0	0
"c100"	1	0	3	0	0	0	0	0	0	0	0	0	0	0	0	0	0	0	0	0	0	0	1	1	0	1	0	0	0	0	0	0	0	0	0	0	0	0	0	0	0	0	0	0	0	1	0	0	0	0
"c101"	1	0	0	0	0	0	0	0	1	1	0	2	0	0	0	1	0	0	0	0	0	1	0	1	0	0	0	0	0	0	0	0	0	0	0	0	1	0	0	1	0	0	0	0	0	1	0	0	0	0
"c102"	1	0	0	0	0	0	0	0	1	1	0	1	0	0	0	1	0	0	0	0	0	1	0	1	0	0	0	0	0	0	0	0	0	0	0	0	1	0	0	0	0	0	0	1	0	1	0	0	0	0
"c103"	1	0	0	0	0	0	0	0	1	1	0	1	0	0	0	2	0	0	0	0	0	1	0	2	0	0	0	0	0	0	0	0	0	0	0	0	2	0	0	1	0	0	0	1	0	1	0	0	0	0
"c104"	1	0	0	0	0	0	0	0	1	1	0	1	0	0	0	1	0	0	0	0	0	1	0	1	0	0	0	0	0	0	0	0	0	0	0	0	1	0	0	0	0	0	0	1	0	1	0	0	0	0
"c105"	1	0	1	1	0	1	0	0	0	0	0	0	0	0	1	0	1	0	0	0	1	1	1	1	0	1	1	0	0	0	1	0	0	1	0	0	0	0	1	0	1	0	0	0	0	1	0	0	1	0
"c106"	1	0	1	0	0	0	1	0	0	0	0	0	0	0	0	0	0	0	0	0	0	1	1	1	0	1	0	0	0	0	0	0	2	0	1	1	0	0	0	0	0	0	1	0	0	2	1	0	0	1
"c107"	1	0	1	1	1	1	0	0	0	0	1	0	1	0	1	0	0	0	0	0	1	1	1	1	0	1	1	0	0	0	1	1	0	1	0	0	0	1	1	0	1	1	0	0	0	1	0	0	1	0
"c108"	1	0	1	1	0	1	0	0	0	0	0	0	0	0	1	0	1	0	0	0	1	1	1	1	0	1	1	0	0	0	1	0	0	1	0	0	0	0	2	0	1	0	0	0	0	1	0	0	1	0
"c109"	1	0	1	0	0	0	0	0	0	0	0	0	0	0	0	0	0	0	0	0	0	1	1	1	0	1	0	0	0	0	0	0	0	0	0	0	0	0	0	0	0	0	0	0	0	1	0	0	0	0
"c110"	1	0	1	0	0	0	1	0	1	0	0	1	0	1	0	1	0	1	0	1	0	1	1	1	0	1	0	0	0	0	0	0	1	0	1	1	0	0	0	1	0	0	0	1	1	1	1	0	0	1
"c111"	1	0	0	0	0	0	0	0	1	0	0	1	0	0	0	0	0	0	0	0	0	1	0	1	0	0	0	0	0	0	0	0	0	0	0	0	1	0	0	1	0	0	0	1	0	1	0	0	0	0
"c112"	1	0	1	0	0	0	0	0	1	1	0	1	0	0	0	1	0	0	0	0	0	1	1	1	0	1	0	0	0	0	0	0	0	0	0	0	1	0	0	1	0	0	0	1	0	1	0	0	0	0
"c113"	1	0	1	0	0	1	0	0	0	0	0	0	0	0	0	0	0	0	0	0	1	2	1	1	0	1	0	0	0	0	0	0	0	0	0	0	0	0	2	0	1	0	0	0	0	1	0	0	1	0
"c114"	1	0	1	0	0	0	0	0	0	0	0	0	0	0	0	0	0	0	0	0	0	1	1	1	0	1	0	0	0	0	0	0	0	0	0	0	0	0	0	0	0	0	0	0	0	1	0	0	0	0
"c115"	1	0	1	0	0	0	1	0	1	1	0	1	0	0	0	1	0	0	0	0	0	2	1	1	0	1	0	0	0	0	0	0	1	0	1	1	1	0	0	0	0	0	1	1	0	2	1	0	0	1
"c116"	1	0	1	1	0	1	0	0	0	1	0	0	0	0	1	1	1	0	0	0	1	1	1	1	0	1	1	0	0	0	1	0	0	1	0	0	1	0	1	0	1	0	0	0	0	1	0	0	1	0
"c117"	1	0	0	0	0	0	0	0	1	1	0	1	0	0	0	1	0	0	0	0	0	1	0	1	0	0	0	0	0	0	0	0	0	0	0	0	1	0	0	1	0	0	0	1	0	1	0	0	0	0
"c118"	1	0	1	0	0	0	1	1	0	0	0	0	0	1	0	0	0	1	0	1	0	1	1	1	0	1	0	0	0	0	0	0	1	0	1	1	0	0	0	0	0	0	1	0	1	1	1	0	0	1
"c119"	1	0	0	0	0	0	0	0	1	1	0	1	0	0	0	0	0	0	0	0	0	1	0	1	0	0	0	0	0	0	0	0	0	0	0	0	1	0	0	1	0	0	0	1	0	1	0	0	0	0
"c120"	1	0	1	0	0	1	0	0	1	1	0	1	0	0	0	1	0	0	0	0	1	1	1	1	1	1	0	1	1	1	0	0	0	0	0	0	1	0	1	1	1	0	0	1	0	1	0	1	1	0
"c121"	1	0	0	0	2	0	0	0	0	0	1	0	1	0	0	0	0	0	1	0	0	1	0	1	0	0	0	0	0	0	0	0	0	0	0	0	0	1	0	0	0	2	0	0	0	1	0	0	0	0
"c122"	1	0	0	0	0	0	0	0	1	1	0	1	0	0	0	1	0	0	0	0	0	1	0	1	0	0	0	0	0	0	0	0	0	0	0	0	1	0	0	1	0	0	0	1	0	1	0	0	0	0
"c123"	1	0	1	0	0	0	0	0	0	0	0	0	0	0	0	0	0	0	0	0	0	1	1	1	0	1	0	0	0	0	0	0	0	0	0	0	0	0	0	0	0	0	0	0	0	1	0	0	0	0
"c124"	1	0	1	0	0	0	1	1	0	0	0	0	0	2	0	0	0	1	0	2	0	1	1	2	0	1	0	0	0	0	0	0	2	0	1	1	0	0	0	0	0	0	1	0	1	1	1	0	0	1
"c125"	1	0	0	0	0	0	0	0	1	1	0	1	0	0	0	1	0	0	0	0	0	1	0	1	0	0	0	0	0	0	0	0	0	0	0	0	0	0	0	1	0	0	0	1	0	2	0	0	0	0
"c126"	1	0	1	1	0	1	0	0	0	0	0	0	0	0	1	0	1	0	0	0	1	1	1	1	0	1	2	0	0	0	1	0	0	2	0	0	0	0	2	0	1	0	0	0	0	1	0	0	1	0
"c127"	1	0	1	1	0	0	0	0	0	0	0	0	0	0	1	0	1	0	0	0	1	1	1	1	0	1	2	0	0	0	1	0	0	1	0	0	0	0	2	0	1	0	0	0	0	2	0	0	1	0
"c128"	1	0	1	0	0	0	1	0	0	1	0	0	0	0	0	1	0	0	0	0	0	1	1	1	0	0	0	0	0	0	0	0	1	0	1	1	1	0	0	0	0	0	1	0	0	1	1	0	0	1
"c129"	1	0	1	0	0	0	1	0	0	0	0	0	0	0	0	0	0	0	0	0	0	2	1	1	0	1	0	0	0	0	0	0	2	0	2	1	0	0	0	0	0	0	1	0	0	1	1	0	0	1
"c130"	1	0	1	1	0	0	0	0	0	0	0	0	0	0	1	0	1	0	0	0	1	1	1	1	0	1	2	0	0	0	1	0	0	1	0	0	0	0	2	0	1	0	0	0	0	1	0	0	1	0
"c131"	1	0	1	1	0	1	0	0	0	0	0	0	0	0	1	0	1	0	0	0	0	1	2	1	0	1	2	0	0	0	1	0	0	0	0	0	0	0	2	0	1	0	0	0	0	1	0	0	1	0
"c132"	1	0	0	0	0	0	0	0	0	1	0	1	0	0	0	1	0	0	0	0	0	1	0	1	0	0	0	0	0	0	0	0	0	0	0	0	1	0	0	1	0	0	0	1	0	1	0	0	0	0
"c133"	1	0	1	1	0	1	1	0	0	0	0	0	0	0	1	0	1	0	0	0	1	1	1	1	0	1	1	0	0	0	1	0	1	1	1	1	0	0	1	0	1	0	1	0	0	1	1	0	1	1
"c134"	1	0	1	0	0	1	0	0	0	0	0	0	0	0	0	0	0	0	0	0	1	1	1	1	0	1	0	0	0	0	0	0	0	0	0	0	0	0	2	0	1	0	0	0	0	1	0	0	1	0
"c135"	1	0	0	0	0	0	0	0	1	1	0	1	0	0	0	1	0	0	0	0	0	1	0	1	0	0	0	0	0	0	0	0	0	0	0	0	1	0	0	0	0	0	0	1	0	1	0	0	0	0
"c136"	1	0	1	0	0	0	1	1	1	1	0	1	0	1	0	1	0	0	0	1	0	1	1	1	0	1	0	0	0	0	0	0	1	0	1	1	1	0	0	1	0	0	1	1	1	1	1	0	0	0
"c137"	1	1	1	0	0	1	0	0	1	1	0	1	0	0	0	1	0	0	0	0	1	1	1	1	1	1	0	1	1	1	0	0	0	0	0	0	1	0	1	1	1	0	0	1	0	1	0	0	1	0
"c138"	1	0	0	0	0	0	1	0	0	1	0	1	0	0	0	1	0	0	0	0	0	1	1	1	0	1	0	0	0	0	0	0	1	0	1	0	0	0	0	0	0	0	1	1	0	1	0	0	0	1
"c139"	1	0	0	0	0	0	0	0	0	1	0	0	0	0	0	1	0	0	0	0	0	1	0	1	0	0	0	0	0	0	0	0	0	0	0	0	1	0	0	1	0	0	0	1	0	1	0	0	0	0
"c140"	1	0	0	0	0	0	0	0	1	1	0	1	0	0	0	1	0	0	0	0	0	1	0	1	0	0	0	0	0	0	0	0	0	0	0	0	1	0	0	1	0	0	0	1	0	1	0	0	0	0
"c141"	1	0	1	1	0	1	0	0	1	1	0	0	0	0	1	1	1	0	0	0	1	1	1	1	0	1	1	0	0	0	1	0	0	1	0	0	1	0	1	1	1	0	0	1	0	1	0	0	1	0
"c142"	1	0	1	1	0	1	0	0	0	0	0	0	0	0	1	0	1	0	0	0	1	0	1	2	0	1	2	0	0	0	0	0	0	1	0	0	0	0	2	0	1	0	0	0	0	1	0	0	1	0
"c143"	2	1	1	0	0	1	0	0	0	0	0	0	0	0	0	0	0	0	0	0	1	1	1	1	1	2	0	1	1	2	0	0	0	0	0	0	0	0	2	0	1	0	0	0	0	0	0	2	1	0
"c144"	1	0	0	0	0	0	0	0	1	1	0	1	0	0	0	1	0	0	0	0	0	1	0	1	0	0	0	0	0	0	0	0	0	0	0	0	1	0	0	1	0	0	0	1	0	1	0	0	0	0
"c145"	1	1	1	0	0	1	0	0	0	0	0	0	0	0	1	0	1	0	0	0	1	1	1	1	1	1	1	0	1	1	1	0	0	1	0	0	0	0	2	0	1	0	0	0	0	1	0	0	1	0
"c146"	1	0	1	0	0	0	1	1	0	0	0	0	0	2	0	0	0	1	0	2	0	1	1	1	0	1	0	0	0	0	0	0	2	0	1	1	0	0	0	0	0	0	1	0	2	1	2	0	0	1
"c147"	1	0	1	1	0	2	0	0	0	0	0	0	0	0	1	0	1	0	0	0	1	1	1	1	0	1	2	0	0	0	1	0	0	1	0	0	0	0	2	0	1	0	0	0	0	1	0	0	1	0
"c148"	1	0	0	0	0	0	0	0	1	1	0	1	0	0	0	1	0	0	0	0	0	1	0	1	0	0	0	0	0	0	0	0	0	0	0	0	1	0	0	1	0	0	0	1	0	1	0	0	0	0
"c149"	1	0	1	0	0	0	1	1	0	0	0	0	0	2	0	0	0	1	0	2	0	1	1	2	0	1	0	0	0	0	0	0	2	0	1	1	0	0	0	0	0	0	1	0	0	1	1	0	0	1
"c150"	2	0	1	0	0	1	0	0	1	1	0	1	0	0	0	1	0	0	0	0	1	1	1	1	0	1	0	0	0	0	0	0	0	0	0	0	1	0	1	1	1	0	0	1	0	1	0	0	1	0
"c151"	2	0	0	0	0	0	0	0	0	0	0	0	0	0	0	0	0	0	0	0	0	1	0	1	0	0	0	0	0	0	0	0	0	0	0	0	0	0	0	0	0	0	0	0	0	1	0	0	0	0
"c152"	1	0	1	0	0	1	0	0	0	0	0	0	0	0	0	0	0	0	0	0	1	0	1	1	0	1	0	0	0	0	0	0	0	0	0	0	0	0	2	0	1	0	0	0	0	0	0	0	1	0
"c153"	1	0	0	0	0	0	0	0	1	1	0	1	0	0	0	1	0	0	0	0	0	1	0	1	0	0	0	0	0	0	0	0	0	0	0	0	1	0	0	1	0	0	0	1	0	1	0	0	0	0
"c154"	1	1	1	1	0	1	0	0	0	0	0	0	0	0	1	0	1	0	0	0	1	1	1	1	0	1	1	1	1	1	1	0	0	1	0	0	0	0	2	0	1	0	0	0	0	1	0	1	1	0
"c155"	1	0	1	0	0	0	0	0	0	1	0	0	0	0	0	1	0	0	0	0	0	1	1	1	0	1	0	0	0	0	0	0	0	0	0	0	0	0	0	0	0	0	0	0	0	1	0	0	0	0
"c156"	1	0	0	0	0	0	0	0	1	1	0	2	0	0	0	1	0	0	0	0	0	1	0	1	0	0	0	0	0	0	0	0	0	0	0	0	1	0	0	2	0	0	0	1	0	2	0	0	0	0
"c157"	1	0	0	0	0	0	0	0	1	1	0	1	0	0	0	1	0	0	0	0	0	1	0	1	0	0	0	0	0	0	0	0	0	0	0	0	1	0	0	1	0	0	0	1	0	1	0	0	0	0
"c158"	1	0	1	0	0	0	1	1	1	1	0	0	0	1	0	1	0	1	0	1	0	1	1	1	0	1	0	0	0	0	0	0	1	0	1	1	0	0	0	1	0	0	1	1	0	1	1	0	0	1
"c159"	1	0	1	1	0	1	1	0	0	0	0	0	0	0	1	0	1	0	0	0	1	1	1	1	0	1	1	0	0	0	1	0	1	1	1	1	0	0	1	0	1	0	1	0	0	1	1	0	0	1
"c160"	1	0	0	0	0	0	0	0	1	1	0	1	0	0	0	1	0	0	0	0	0	1	0	1	0	0	0	0	0	0	0	0	0	0	0	0	1	0	0	1	0	0	0	1	0	1	0	0	0	0
"c161"	1	1	1	0	1	1	0	0	0	0	1	0	1	0	0	0	0	0	1	0	0	1	1	1	0	1	0	1	1	1	0	1	0	0	0	0	0	1	1	0	1	1	0	0	0	1	0	1	1	0
"c162"	1	0	1	2	0	0	0	0	0	0	0	0	0	0	1	0	1	0	0	0	0	1	1	1	0	1	2	0	0	0	1	0	0	2	0	0	0	0	2	0	1	0	0	0	0	1	0	0	1	0
"c163"	2	0	1	0	0	0	1	0	0	0	0	0	0	0	0	0	0	0	0	0	0	1	1	1	0	1	0	0	0	0	0	0	2	0	1	1	0	0	0	0	0	0	2	0	0	1	1	0	0	1
"c164"	1	0	1	0	0	0	1	0	0	0	0	0	0	0	0	0	0	0	0	0	0	1	1	1	0	2	0	0	0	0	0	0	2	0	1	1	0	0	0	0	0	0	1	0	0	1	1	0	0	1
"c165"	1	0	0	0	0	0	0	0	1	1	0	1	0	0	0	1	0	0	0	0	0	1	0	1	0	0	0	0	0	0	0	0	0	0	0	0	1	1	0	0	0	0	0	1	0	1	0	0	0	0
"c166"	1	0	1	0	0	0	0	0	1	1	0	1	0	0	0	0	0	0	0	0	0	1	1	1	0	1	0	0	0	0	0	0	1	0	1	1	1	0	0	1	0	0	1	1	0	1	1	0	0	1
"c167"	1	0	1	0	0	0	1	0	0	1	0	1	0	0	0	0	0	0	0	0	0	1	1	1	0	1	0	0	0	0	0	0	1	0	0	1	1	0	0	1	0	0	1	1	0	1	1	0	0	1
"c168"	1	0	1	1	2	0	0	0	0	0	1	0	1	0	1	0	1	0	1	0	1	1	1	1	0	1	1	0	0	0	1	1	0	1	0	0	0	1	1	0	1	1	0	0	0	1	0	0	1	0
"c169"	1	0	1	1	0	1	0	0	0	0	0	0	0	0	1	0	1	0	0	0	1	1	1	1	0	1	2	0	0	0	2	0	0	1	0	0	0	0	2	0	1	0	0	0	0	1	0	0	1	0
"c170"	1	0	0	0	0	0	0	0	1	1	0	1	0	0	0	1	0	0	0	0	0	1	0	1	0	0	0	0	0	0	0	0	0	0	0	0	1	0	0	1	0	0	0	1	0	1	0	0	0	0
"c171"	1	0	1	0	0	0	0	0	0	1	0	1	0	0	0	1	0	0	0	0	0	1	1	1	0	1	0	0	0	0	0	0	0	0	0	0	1	0	0	0	0	0	0	1	0	1	0	0	0	0
"c172"	1	0	1	1	0	1	0	0	0	1	0	0	0	0	1	1	1	0	0	0	1	1	1	1	0	1	1	0	0	0	1	0	0	1	0	0	1	0	1	0	1	0	0	0	0	1	0	0	1	0
"c173"	1	0	0	0	2	0	0	0	0	0	1	0	1	0	0	0	0	0	1	0	0	1	0	1	0	0	0	0	0	0	0	1	0	0	0	0	0	1	0	0	0	2	0	0	0	1	0	0	0	0
"c174"	1	0	1	0	0	0	2	0	0	0	0	0	0	0	0	0	0	0	0	0	0	1	1	1	0	1	0	0	0	0	0	0	2	0	1	1	0	0	0	0	0	0	1	0	0	1	1	0	0	1
"c175"	1	0	0	0	0	0	0	0	0	1	0	0	0	0	0	1	0	0	0	0	0	1	0	1	0	0	0	0	0	0	0	0	0	0	0	0	0	0	0	0	0	0	0	0	0	1	0	0	0	0
"c176"	1	0	0	0	0	0	0	0	1	1	0	2	0	0	0	1	0	0	0	0	0	1	0	1	0	0	0	0	0	0	0	0	0	0	0	0	1	0	0	1	0	0	0	1	0	1	0	0	0	0
"c177"	1	0	1	0	0	0	1	0	0	0	0	0	0	0	0	0	0	0	0	0	0	1	1	1	0	0	0	0	0	0	0	0	2	0	1	1	0	0	0	0	0	0	2	0	0	1	1	0	0	2
"c178"	1	0	0	0	1	0	0	0	1	1	1	1	1	0	0	0	0	0	1	0	0	1	0	1	0	0	0	0	0	0	0	1	0	0	0	0	1	1	0	0	0	1	0	1	0	1	0	0	0	0
"c179"	1	1	1	0	0	1	0	0	0	0	0	0	0	0	0	0	0	0	0	0	1	1	1	1	1	1	0	1	1	2	0	0	0	0	0	0	0	0	2	0	1	0	0	0	0	1	0	1	1	0
"c180"	1	0	1	1	0	1	0	0	0	1	0	0	0	0	1	1	0	0	0	0	1	1	1	1	0	1	1	0	0	0	1	0	0	0	0	0	1	0	1	0	1	0	0	0	0	1	0	0	1	0
"c181"	1	0	0	0	0	0	0	0	1	1	0	1	0	0	0	1	0	0	0	0	0	1	0	1	0	0	0	0	0	0	0	0	0	0	0	0	2	0	0	1	0	0	0	1	0	1	0	0	0	0
"c182"	1	0	1	0	0	1	0	0	1	1	0	1	0	0	0	1	0	0	0	0	1	1	1	1	0	0	0	0	0	0	0	0	0	0	0	0	1	0	1	1	1	0	0	1	0	1	0	0	1	0
"c183"	2	0	1	0	0	1	0	0	0	0	0	0	0	0	0	0	0	0	0	0	1	1	2	1	0	1	0	0	0	0	0	0	0	0	0	0	0	0	2	0	1	0	0	0	0	1	0	0	1	0
"c184"	1	0	1	1	0	1	0	0	0	0	0	0	0	0	1	0	1	0	0	0	1	1	1	1	0	1	2	0	0	0	1	0	0	1	0	0	0	0	2	0	1	0	0	0	0	1	0	0	1	0
"c185"	1	0	1	1	0	1	0	0	0	0	0	0	0	0	1	0	2	0	0	0	1	1	1	1	0	1	2	0	0	0	1	0	0	1	0	0	0	0	2	0	1	0	0	0	0	1	0	0	1	0
"c186"	1	0	0	0	0	0	0	0	1	1	0	1	0	0	0	1	0	0	0	0	0	1	0	1	0	0	0	0	0	0	0	0	0	0	0	0	1	0	0	1	0	0	0	1	0	1	0	0	0	0
"c187"	1	0	0	0	2	0	0	0	0	0	2	0	1	0	0	0	0	0	1	0	0	1	0	1	0	0	0	0	0	0	0	0	0	0	0	0	0	2	0	0	0	2	0	0	0	1	0	0	0	0
"c188"	1	0	0	0	2	0	0	0	0	0	1	0	1	0	0	0	0	0	1	0	0	1	0	2	0	0	0	0	0	0	0	1	0	0	0	0	0	2	0	0	0	2	0	0	0	1	0	0	0	0
"c189"	2	0	0	0	0	0	0	0	0	1	0	0	0	0	0	1	0	0	0	0	0	1	0	1	0	0	0	0	0	0	0	0	0	0	0	0	1	0	0	0	0	0	0	0	0	1	0	0	0	0
"c190"	1	0	0	0	0	0	0	0	1	1	0	1	0	0	0	1	0	0	0	0	0	1	0	1	0	0	0	0	0	0	0	0	0	0	0	0	1	0	0	1	0	0	0	1	0	1	0	0	0	0
"c191"	1	0	0	0	0	0	0	0	0	1	0	0	0	0	0	1	0	0	0	0	0	1	0	1	0	0	0	0	0	0	0	0	0	0	0	0	1	0	0	0	0	0	0	0	0	1	0	0	0	0
"c192"	1	0	1	1	0	1	0	0	0	1	0	0	0	0	1	1	1	0	0	0	1	1	1	1	0	1	1	0	0	0	1	0	0	1	0	0	1	0	1	0	1	0	0	0	0	1	0	0	1	0
"c193"	1	0	1	0	0	0	0	0	0	0	0	0	0	0	0	0	0	0	0	0	0	1	1	1	0	1	0	0	0	0	0	0	0	0	0	0	0	0	0	0	0	0	0	0	0	1	0	0	0	0
"c194"	1	0	0	0	0	0	0	0	1	1	0	1	0	0	0	1	0	0	0	0	0	1	0	1	0	0	0	0	0	0	0	0	0	0	0	0	1	0	0	1	0	0	0	1	0	0	0	0	0	0
"c195"	1	0	1	1	0	1	0	0	0	0	0	0	0	0	1	0	1	0	0	0	1	1	1	2	0	1	2	0	0	0	1	0	0	1	0	0	0	0	2	0	1	0	0	0	0	1	0	0	2	0
"c196"	1	0	1	1	0	1	0	0	0	0	0	0	0	0	1	0	1	0	0	0	1	1	1	1	0	1	2	0	0	0	1	0	0	1	0	0	0	0	2	0	2	0	0	0	0	1	0	0	1	0
"c197"	1	0	0	0	0	0	0	0	1	1	0	1	0	0	0	1	0	0	0	0	0	2	0	1	0	0	0	0	0	0	0	0	0	0	0	0	1	0	0	1	0	0	0	1	0	1	0	0	0	0
"c198"	1	1	1	0	0	1	0	0	0	0	0	0	0	0	0	0	0	0	0	0	1	1	1	1	1	1	0	1	1	2	0	0	0	0	0	0	0	0	2	0	1	0	0	0	0	1	0	1	1	0
"c199"	1	0	0	0	0	0	0	0	1	1	0	1	0	0	0	1	0	0	0	0	0	1	0	1	0	0	0	0	0	0	0	0	0	0	0	0	1	0	0	0	0	0	0	1	0	1	0	0	0	0
"c200"	1	0	1	0	0	0	1	0	0	0	0	0	0	0	0	0	0	0	0	0	0	1	1	1	0	1	0	0	0	0	0	0	2	0	1	1	0	0	0	0	0	0	1	0	0	1	1	0	0	1
"c201"	1	0	1	0	0	0	1	1	1	0	0	1	0	1	0	1	0	1	0	1	0	1	1	1	0	1	0	0	0	0	0	0	1	0	1	0	0	0	0	0	0	0	1	1	1	1	1	0	0	1
"c202"	1	0	1	0	0	0	0	0	0	0	0	0	0	0	0	0	0	0	0	0	0	1	1	1	0	1	0	0	0	0	0	0	0	0	0	0	0	0	0	0	0	0	0	0	0	1	0	0	0	0
"c203"	2	0	0	1	0	1	0	0	0	0	0	0	0	0	1	0	1	0	0	0	1	1	1	0	0	1	2	0	0	0	1	0	0	1	0	0	0	0	2	0	1	0	0	0	0	1	0	0	1	0
"c204"	2	0	1	0	0	0	0	0	0	0	0	0	0	0	0	0	0	0	0	0	0	1	1	1	0	1	0	0	0	0	0	0	1	0	1	1	0	0	0	0	0	0	1	0	0	1	1	0	0	1
"c205"	1	0	1	0	0	0	1	0	0	0	0	0	0	0	0	0	0	0	0	0	0	1	1	1	0	1	0	0	0	0	0	0	2	0	1	1	0	0	0	0	0	0	1	0	0	2	1	0	0	1
"c206"	1	0	1	1	0	0	0	0	0	0	0	0	0	0	2	0	2	0	0	0	1	1	1	1	0	1	2	0	0	0	1	0	0	1	0	0	0	0	2	0	1	0	0	0	0	1	0	0	1	0
"c207"	1	0	1	0	0	0	1	0	0	0	0	0	0	0	0	0	0	0	0	0	0	1	1	1	0	1	0	0	0	0	0	0	2	0	1	1	0	0	0	0	0	0	1	0	0	1	1	0	0	1
"c208"	1	0	1	0	0	0	0	0	1	1	0	1	0	0	0	1	0	0	0	0	0	1	1	1	0	1	0	0	0	0	0	0	0	0	0	0	1	0	0	0	0	0	0	1	0	1	0	0	0	0
"c209"	1	0	1	0	0	0	1	0	0	0	0	0	0	0	0	0	0	0	0	0	0	1	1	1	0	1	0	0	0	0	0	0	2	0	1	0	0	0	0	0	0	0	1	0	0	1	1	0	0	1
"c210"	0	0	1	0	0	1	0	0	0	0	0	0	0	0	0	0	0	0	0	0	1	1	1	0	1	1	0	1	0	2	0	0	0	0	0	0	0	0	2	0	1	0	0	0	0	1	0	1	1	0
"c211"	1	1	1	0	0	1	0	0	0	0	0	0	0	0	0	0	0	0	0	0	1	1	2	1	1	2	0	1	1	2	0	0	0	0	0	0	0	0	2	0	1	0	0	0	0	1	0	1	1	0
"c212"	1	0	1	0	0	0	1	0	0	0	0	0	0	0	0	0	0	0	0	0	0	1	1	2	0	1	0	0	0	0	0	0	2	0	1	1	0	0	0	0	0	0	1	0	0	1	2	0	0	1
"c213"	1	0	1	0	0	0	1	0	0	0	0	0	0	0	0	0	0	0	0	0	0	1	1	1	0	1	0	0	0	0	0	0	2	0	1	1	0	0	0	0	0	0	1	0	0	1	1	0	0	1
"c214"	1	0	1	0	0	1	0	0	0	0	0	0	0	0	0	0	0	0	0	0	1	1	1	0	0	1	0	0	0	0	0	0	0	0	0	0	0	0	2	0	1	0	0	0	0	1	0	0	1	0
"c215"	1	0	0	0	1	0	0	0	1	0	1	1	1	0	0	1	0	0	1	0	0	1	0	1	0	0	0	0	0	0	0	1	0	0	0	0	1	1	0	1	0	1	0	1	0	1	0	0	0	0
"c216"	1	0	0	0	0	0	0	0	0	2	0	0	0	0	0	1	0	0	0	0	0	1	0	1	0	0	0	0	0	0	0	0	0	0	0	0	1	0	0	0	0	0	0	0	0	1	0	0	0	0
"c217"	1	0	1	1	1	0	0	0	0	0	1	0	1	0	1	0	1	0	1	0	1	1	1	1	0	1	1	0	0	0	1	1	0	1	0	0	0	1	1	0	1	1	0	0	0	1	0	0	1	0
"c218"	1	0	1	0	0	0	0	0	0	0	0	0	0	0	0	0	0	0	0	0	0	1	1	1	0	1	0	0	0	0	0	0	0	0	0	0	0	0	0	0	0	0	0	0	0	0	0	0	0	0
"c219"	1	0	1	0	0	0	0	0	1	1	0	1	0	0	0	1	0	0	0	0	0	1	1	1	0	1	0	0	0	0	0	0	0	0	0	0	1	0	0	1	0	0	0	1	0	1	0	0	0	0
"c220"	1	0	2	0	0	0	0	0	0	0	0	0	0	0	0	0	0	0	0	0	0	1	1	1	0	1	0	0	0	0	0	0	0	0	0	0	0	0	0	0	0	0	0	0	0	0	0	0	0	0
"c221"	2	0	0	0	0	0	0	0	2	1	0	1	0	0	0	1	0	0	0	0	0	1	0	1	0	0	0	0	0	0	0	0	0	0	0	0	1	0	0	1	0	0	0	1	0	1	0	0	0	0
"c222"	1	0	0	0	0	0	0	0	1	1	0	1	0	0	0	1	0	0	0	0	0	1	0	1	0	0	0	0	0	0	0	0	0	0	0	0	1	0	0	1	0	0	0	1	0	1	0	0	0	0
"c223"	1	0	0	0	0	0	0	0	0	1	0	0	0	0	0	1	0	0	0	0	0	1	0	1	0	0	0	0	0	0	0	0	0	0	0	0	1	0	0	0	0	0	0	0	0	1	0	0	0	0
"c224"	1	0	1	0	0	0	1	0	0	0	0	0	0	0	0	0	0	0	0	0	0	1	1	1	0	1	0	0	0	0	0	0	2	0	0	0	0	0	0	0	0	0	1	0	0	1	1	0	1	1
"c225"	1	0	1	0	0	0	0	0	0	0	0	0	0	0	0	0	0	0	0	0	0	2	1	1	0	1	0	0	0	0	0	0	0	0	0	0	0	0	0	0	0	0	0	0	0	2	0	0	0	0
"c226"	1	1	1	0	0	1	0	0	0	0	0	0	0	0	0	0	0	0	0	0	1	0	1	1	1	1	0	1	1	2	0	0	0	0	0	0	0	0	2	0	1	0	0	0	0	1	0	1	1	0
"c227"	1	0	0	0	0	0	0	0	0	1	0	0	0	0	0	1	0	0	0	0	0	1	0	1	0	0	0	0	0	0	0	0	0	0	0	0	1	0	0	0	0	0	0	0	0	1	0	0	0	0
"c228"	0	1	1	0	0	1	0	0	0	0	0	0	0	0	0	0	0	0	0	0	1	1	1	1	1	1	0	1	2	2	0	0	0	0	0	0	0	0	2	0	1	0	0	0	0	0	0	1	1	0
"c229"	1	0	1	0	0	0	1	1	0	0	0	0	0	2	0	0	0	1	0	2	0	1	1	2	0	1	0	0	0	0	0	0	2	0	1	1	0	0	0	0	0	0	1	0	1	1	1	0	0	1
"c230"	1	0	0	0	0	0	0	0	1	1	0	1	0	0	0	1	0	0	0	0	0	1	0	0	0	0	0	0	0	0	0	0	0	0	0	0	1	0	0	1	0	0	0	1	0	1	0	0	0	0
"c231"	1	0	0	0	0	0	1	1	0	0	0	0	0	2	0	0	0	0	0	2	0	1	1	1	0	1	0	0	0	0	0	0	2	0	1	1	0	0	0	0	0	0	1	0	1	1	1	0	0	1
"c232"	1	0	1	0	0	0	0	0	0	0	0	0	0	0	0	0	0	0	0	0	0	0	1	2	0	1	0	0	0	0	0	0	0	0	0	0	0	0	0	0	0	0	0	0	0	1	0	0	0	0
"c233"	1	0	0	0	0	0	0	0	1	1	0	1	0	0	0	1	0	0	0	0	0	1	0	0	0	0	0	0	0	0	0	0	0	0	0	0	1	0	0	1	0	0	0	1	0	1	0	0	0	0
"c234"	1	0	1	0	0	0	1	1	1	1	0	1	0	1	0	1	0	1	0	1	0	1	1	1	0	1	0	0	0	0	0	0	1	0	1	1	1	0	0	1	0	0	1	1	1	1	1	0	0	1
"c235"	1	1	1	0	0	1	0	0	0	0	0	0	0	0	0	0	0	0	0	0	2	1	1	0	1	1	0	1	1	2	0	0	0	0	0	0	0	0	2	0	1	0	0	0	0	1	0	1	1	0
"c236"	1	0	1	1	0	1	0	0	1	1	0	1	0	0	1	1	1	0	0	0	1	1	1	1	0	1	1	0	0	0	0	0	0	1	0	0	1	0	1	1	1	0	0	1	0	1	0	0	0	0
"c237"	1	0	1	0	1	0	1	0	0	0	1	0	1	0	0	0	0	0	1	0	0	1	1	1	0	0	0	0	0	0	0	1	1	0	1	1	0	1	0	0	0	1	1	0	0	1	1	0	0	1
"c238"	1	0	1	0	0	0	0	0	0	1	0	0	0	0	0	0	0	0	0	0	0	1	1	1	0	1	0	0	0	0	0	0	0	0	0	0	1	0	0	0	0	0	0	0	0	1	0	0	0	0
"c239"	1	0	0	0	1	0	0	0	0	0	1	0	1	0	0	0	0	0	1	0	0	1	1	1	0	1	0	0	0	0	0	1	0	0	0	0	0	1	0	0	0	1	0	0	0	1	0	0	0	0
"c240"	1	0	0	0	1	0	0	0	1	1	1	1	1	0	0	1	0	0	1	0	0	1	0	1	0	0	0	0	0	0	0	1	0	0	0	0	1	1	0	1	0	1	0	0	0	1	0	0	0	0
"c241"	0	0	0	0	0	1	0	0	0	0	0	0	0	0	0	0	0	0	0	0	1	1	1	1	0	1	0	0	0	0	0	0	0	0	0	0	0	0	2	0	1	0	0	0	0	1	0	0	1	0
"c242"	1	0	1	0	0	0	0	0	0	0	0	0	0	0	0	0	0	0	0	0	0	1	1	1	0	1	0	0	0	0	0	0	0	0	0	0	0	0	0	0	0	0	0	0	0	1	0	0	0	0
"c243"	1	0	0	0	0	0	0	0	0	0	0	0	0	0	0	0	0	0	0	0	0	2	0	1	0	0	0	0	0	0	0	0	0	0	0	0	0	0	0	0	0	0	0	0	0	1	0	0	0	0
"c244"	1	0	1	0	0	1	0	0	0	0	0	0	0	0	0	0	0	0	0	0	1	1	1	1	0	1	0	0	0	0	0	0	0	0	0	0	0	0	1	0	1	0	0	0	0	1	0	0	1	0
"c245"	1	0	0	0	0	0	0	0	0	1	0	1	0	0	0	1	0	0	0	0	0	1	0	1	0	0	0	0	0	0	0	0	0	0	0	0	1	0	0	1	0	0	0	1	0	1	0	0	0	0
"c246"	1	0	0	0	0	0	0	0	0	1	0	0	0	0	0	1	0	0	0	0	0	1	0	1	0	0	0	0	0	0	0	0	0	0	0	0	1	0	0	0	0	0	0	0	0	1	0	0	0	0
"c247"	1	0	1	0	0	0	2	0	0	0	0	0	0	0	0	0	0	0	0	0	0	1	1	1	0	1	0	0	0	0	0	0	2	0	1	1	0	0	0	0	0	0	1	0	0	2	1	0	0	1
"c248"	1	0	0	0	0	0	0	0	0	1	0	0	0	0	0	1	0	0	0	0	0	1	0	1	0	0	0	0	0	0	0	0	0	0	0	0	1	0	0	0	0	0	0	0	0	1	0	0	0	0
"c249"	1	0	1	0	0	1	0	0	1	1	0	1	0	0	0	1	0	0	0	0	0	1	1	1	0	0	0	0	0	0	0	0	0	0	0	0	1	0	1	1	1	0	0	1	0	1	0	0	1	0
"c250"	1	0	0	0	2	0	0	0	0	0	1	0	2	0	0	0	0	0	1	0	0	1	0	1	0	0	0	0	0	0	0	1	0	0	0	0	0	1	0	0	0	2	0	0	0	1	0	0	0	0
"c251"	1	0	1	0	0	0	1	0	0	0	0	0	0	0	0	0	0	0	0	0	0	1	1	1	0	1	0	0	0	0	0	0	2	0	1	1	0	0	0	0	0	0	1	0	0	1	1	0	0	1
"c252"	1	0	1	0	0	0	1	0	1	1	0	1	0	0	0	1	0	0	0	0	0	1	1	1	0	1	0	0	0	0	0	0	1	0	1	1	1	0	0	1	0	0	1	1	0	1	1	0	0	1
"c253"	1	0	0	0	0	0	0	0	1	1	0	1	0	0	0	1	0	0	0	0	0	1	0	1	0	0	0	0	0	0	0	0	0	0	0	0	1	0	0	1	0	0	0	1	0	1	0	0	0	0
"c254"	2	1	1	0	0	1	0	0	0	0	0	0	0	0	0	0	0	0	0	0	1	1	1	1	1	1	0	1	2	2	0	0	0	0	0	0	0	0	2	0	1	0	0	0	0	1	0	1	1	0
"c255"	1	0	2	0	0	0	1	0	0	0	0	0	0	0	0	0	0	0	0	0	0	1	1	1	0	1	0	0	0	0	0	0	2	0	1	1	0	0	0	0	0	0	1	0	0	1	1	0	0	0
"c256"	1	1	1	0	0	1	0	0	0	0	0	0	0	0	0	0	0	0	0	0	1	1	1	2	1	1	0	1	1	1	0	0	0	0	0	0	0	0	1	0	1	0	0	0	0	1	0	1	1	0
"c257"	1	0	0	0	1	0	0	0	1	1	1	1	1	0	0	1	0	0	1	0	0	1	0	1	0	0	0	0	0	0	0	1	0	0	0	0	1	1	0	0	0	1	0	1	0	1	0	0	0	0
"c258"	1	0	0	0	1	0	0	0	0	1	1	0	1	0	0	1	0	0	1	0	0	1	0	1	0	0	0	0	0	0	0	1	0	0	0	0	1	1	0	0	0	1	0	0	0	1	0	0	0	0
"c259"	1	0	1	0	0	1	0	0	0	1	0	0	0	0	1	1	1	0	0	0	1	1	0	1	0	1	1	0	0	0	1	0	0	1	0	0	1	0	1	0	1	0	0	0	0	1	0	0	1	0
"c260"	1	0	0	0	2	0	0	0	0	0	2	0	1	0	0	0	0	0	1	0	0	1	0	1	0	0	0	0	0	0	0	1	0	0	0	0	0	1	0	0	0	2	0	0	0	1	0	0	0	0
"c261"	1	0	0	0	0	0	0	0	1	0	0	1	0	0	0	1	0	0	0	0	0	1	0	1	0	0	0	0	0	0	0	0	0	0	0	0	1	0	0	1	0	0	0	2	0	1	0	0	0	0
"c262"	1	0	1	1	0	1	0	0	1	1	0	1	0	0	1	1	1	0	0	0	1	1	1	1	0	1	1	0	0	0	1	0	0	1	0	0	1	0	1	1	1	0	0	1	0	1	0	0	1	0
"c263"	1	1	1	0	0	1	0	0	0	0	0	0	0	0	0	0	0	0	0	0	1	1	1	1	0	0	0	1	1	2	0	0	0	0	0	0	0	0	2	0	0	0	0	0	0	1	0	1	1	0
"c264"	2	0	1	1	0	1	0	0	0	0	0	0	0	0	1	0	1	0	0	0	1	1	1	1	0	2	2	0	0	0	1	0	0	1	0	0	0	0	2	0	1	0	0	0	0	1	0	0	1	0
"c265"	1	0	1	0	0	0	1	1	0	0	0	0	0	2	0	0	0	1	0	2	0	1	1	1	0	1	0	0	0	0	0	0	2	0	1	1	0	0	0	0	0	0	1	0	1	1	1	0	0	1
"c266"	1	0	1	0	0	0	0	0	0	0	0	0	0	0	0	0	0	0	0	0	0	1	1	2	0	1	0	0	0	0	0	0	0	0	0	0	0	0	0	0	0	0	0	0	0	1	0	0	0	0
"c267"	1	0	1	0	0	1	0	0	0	0	0	0	0	0	0	0	0	0	0	0	1	1	2	1	0	1	0	0	0	0	0	0	0	0	0	0	0	0	2	0	1	0	0	0	0	1	0	0	1	0
"c268"	1	0	1	0	0	0	1	0	1	1	0	1	0	1	0	1	0	1	0	1	0	1	1	1	0	1	0	0	0	0	0	0	1	0	1	1	1	0	0	1	0	0	0	1	1	1	1	0	0	1
"c269"	1	1	1	0	0	1	0	0	0	0	0	0	0	0	0	0	0	0	0	0	1	1	1	1	1	1	0	1	1	2	0	0	0	0	0	0	0	0	2	0	1	0	0	0	0	1	0	1	1	0
"c270"	1	0	1	1	0	1	0	0	0	0	0	0	0	0	1	0	1	0	0	0	0	1	1	1	0	1	1	0	0	0	1	0	0	0	0	0	0	0	1	0	1	0	0	0	0	1	0	0	1	0
"c271"	1	1	1	0	0	1	0	0	0	1	0	1	0	0	0	1	0	0	0	0	1	1	1	1	1	1	0	1	1	1	0	0	0	0	0	0	1	0	1	1	1	0	0	1	0	1	0	1	1	0
"c272"	1	0	1	0	0	0	1	0	0	0	0	0	0	0	0	0	0	0	0	0	0	1	1	1	0	1	0	0	0	0	0	0	1	0	1	1	0	0	0	0	0	0	1	0	0	1	1	0	0	1
"c273"	1	0	1	1	0	1	0	0	0	0	0	0	0	0	1	0	1	0	0	0	1	1	1	1	0	1	1	0	0	0	1	0	0	1	0	0	0	0	2	0	1	0	0	0	0	2	0	0	1	0
"c274"	1	0	0	0	0	0	0	0	1	1	0	1	0	0	0	1	0	0	0	0	0	1	0	1	0	0	0	0	0	0	0	0	0	0	0	0	1	0	0	1	0	0	0	1	0	1	0	0	0	0
"c275"	1	0	0	0	0	0	0	0	1	1	0	1	0	0	0	1	0	0	0	0	0	1	0	1	0	0	0	0	0	0	0	0	0	0	0	0	0	0	0	1	0	0	0	1	0	1	0	0	0	0
"c276"	1	0	1	1	0	1	0	0	0	0	0	0	0	0	1	0	1	0	0	0	1	1	1	1	0	1	2	0	0	0	1	0	0	1	0	0	0	0	2	0	1	0	0	0	0	1	0	0	1	0
"c277"	1	0	0	0	0	0	0	0	0	1	0	0	0	0	0	1	0	0	0	0	0	1	0	1	0	0	0	0	0	0	0	0	0	0	0	0	1	0	0	0	0	0	0	0	0	1	0	0	0	0
"c278"	1	0	1	0	0	1	0	0	0	1	0	0	0	0	0	1	0	0	0	0	1	1	1	1	0	1	0	0	0	0	0	0	0	0	0	0	1	0	1	0	1	0	0	0	0	1	0	0	0	0
"c279"	1	0	0	0	0	0	0	0	1	1	0	1	0	0	0	1	0	0	0	0	0	1	0	1	0	0	0	0	0	0	0	0	0	0	0	0	1	0	0	1	0	0	0	1	0	1	0	0	0	0
"c280"	1	0	1	1	0	0	0	0	0	0	0	0	0	0	1	0	1	0	0	0	0	1	1	1	0	1	1	0	0	0	1	0	0	2	0	0	0	0	1	0	1	0	0	0	0	1	0	0	0	0
"c281"	1	0	1	0	0	0	0	0	1	1	0	1	0	0	0	1	0	0	0	0	0	1	1	1	0	1	0	0	0	0	0	0	1	0	1	1	1	0	0	1	0	0	1	1	0	1	1	0	0	1
"c282"	1	0	1	0	0	0	1	0	0	0	0	0	0	0	0	0	0	0	0	0	0	1	1	1	0	1	0	0	0	0	0	0	2	0	1	1	0	0	0	0	0	0	0	0	0	1	1	0	0	1
"c283"	1	1	1	0	0	0	0	0	0	0	0	0	0	0	0	0	0	0	0	0	1	1	1	1	1	1	0	0	1	1	0	0	0	0	0	0	0	0	1	0	0	0	0	0	0	1	0	1	1	0
"c284"	1	0	0	0	0	0	0	0	1	1	0	1	0	0	0	1	0	0	0	0	0	1	0	1	0	0	0	0	0	0	0	0	0	0	0	0	1	0	0	1	0	0	0	1	0	1	0	0	0	0
"c285"	1	0	1	0	0	0	0	0	0	0	0	0	0	0	0	0	0	0	0	0	0	1	1	1	0	1	0	0	0	0	0	0	0	0	0	0	0	0	0	0	0	0	0	0	0	1	0	0	0	0
"c286"	1	0	1	0	0	1	0	0	0	0	0	0	0	0	0	0	0	0	0	0	1	1	1	2	0	1	0	0	0	0	0	0	0	0	0	0	0	0	2	0	1	0	0	0	0	1	0	0	1	0
"c287"	1	0	0	0	0	0	0	0	1	1	0	1	0	0	0	1	0	0	0	0	0	1	0	1	0	0	0	0	0	0	0	0	0	0	0	0	1	0	0	1	0	0	0	1	0	1	0	0	0	0
"c288"	1	1	1	0	0	0	0	0	0	1	0	0	0	0	0	1	0	0	0	0	1	1	1	0	1	1	0	1	1	1	0	0	0	0	0	0	1	0	1	0	1	0	0	0	0	1	0	0	1	0
"c289"	1	0	0	0	0	0	0	0	1	1	0	1	0	0	0	1	0	0	0	0	0	1	0	1	0	0	0	0	0	0	0	0	0	0	0	0	1	0	0	1	0	0	0	1	0	1	0	0	0	0
"c290"	1	0	1	0	0	0	0	0	0	0	0	0	0	0	0	0	0	0	0	0	0	1	1	1	0	1	0	0	0	0	0	0	0	0	0	0	0	0	0	0	0	0	0	0	0	1	0	0	0	0
"c291"	1	0	1	0	0	0	1	0	1	1	0	1	0	0	0	1	0	0	0	0	0	1	1	1	0	1	0	0	0	0	0	0	1	0	1	1	1	0	0	1	0	0	1	1	0	1	1	0	0	1
"c292"	1	0	1	1	0	1	0	0	1	1	0	1	0	0	1	1	1	0	0	0	1	1	1	1	0	1	1	0	0	0	1	0	0	1	0	0	0	0	1	1	1	0	0	1	0	1	0	0	0	0
"c293"	1	0	0	0	0	0	0	0	1	1	0	1	0	0	0	0	0	0	0	0	0	2	0	1	0	0	0	0	0	0	0	0	0	0	0	0	1	0	0	1	0	0	0	1	0	1	0	0	0	0
"c294"	1	0	1	1	0	1	0	0	0	0	0	0	0	0	1	0	2	0	0	0	1	1	1	1	0	1	2	0	0	0	1	0	0	0	0	0	0	0	2	0	1	0	0	0	0	1	0	0	1	0
"c295"	1	1	1	0	0	1	1	0	0	0	0	0	0	0	0	0	0	0	0	0	1	1	1	1	0	1	0	1	1	1	0	0	1	0	1	1	0	0	1	0	1	0	1	0	0	1	1	1	1	1
"c296"	1	0	1	1	0	1	0	0	0	0	0	0	0	0	1	0	1	0	0	0	1	1	1	1	0	2	2	0	0	0	1	0	0	1	0	0	0	0	2	0	1	0	0	0	0	1	0	0	1	0
"c297"	1	0	0	0	0	0	0	0	1	1	0	1	0	0	0	1	0	0	0	0	0	1	0	1	0	0	0	0	0	0	0	0	0	0	0	0	2	0	0	1	0	0	0	2	0	1	0	0	0	0
"c298"	1	0	1	0	0	0	0	0	0	0	0	0	0	0	0	0	0	0	0	0	0	1	1	1	0	1	0	0	0	0	0	0	2	0	1	1	0	0	0	0	0	0	1	0	0	1	1	0	0	1
"c299"	1	0	0	0	0	0	0	0	0	1	0	0	0	0	0	1	0	0	0	0	0	1	0	1	0	0	0	0	0	0	0	0	0	0	0	0	1	0	0	0	0	0	0	0	0	1	0	0	0	0
"c300"	1	1	1	0	0	1	0	0	0	0	0	0	0	0	0	0	0	0	0	0	2	1	1	1	1	1	0	1	1	2	0	0	0	0	0	0	0	0	2	0	1	0	0	0	0	1	0	1	1	0
"c301"	1	1	1	0	0	1	0	0	0	0	0	0	0	0	0	0	0	0	0	0	1	1	1	1	1	1	0	1	1	2	0	0	0	0	0	0	0	0	2	0	1	0	0	0	0	1	0	1	1	0
"c302"	1	0	2	1	0	1	0	0	0	0	0	0	0	0	1	0	1	0	0	0	1	1	1	1	0	2	2	0	0	0	1	0	0	1	0	0	0	0	2	0	1	0	0	0	0	1	0	0	1	0
"c303"	1	0	0	0	0	0	0	0	0	0	0	0	0	0	0	0	0	0	0	0	0	1	0	0	0	0	0	0	0	0	0	0	0	0	0	0	0	0	0	0	0	0	0	0	0	1	0	0	0	0
"c304"	1	0	0	0	0	0	0	0	1	1	0	1	0	0	0	1	0	0	0	0	0	0	0	0	0	0	0	0	0	0	0	0	0	0	0	0	1	0	0	2	0	0	0	1	0	1	0	0	0	0
"c305"	1	0	0	0	2	0	0	0	0	0	1	0	1	0	0	0	0	0	1	0	0	1	0	1	0	0	0	0	0	0	0	1	0	0	0	0	0	2	0	0	0	2	0	0	0	1	0	0	0	0
"c306"	1	0	1	1	0	1	0	0	0	0	0	0	0	0	1	0	1	0	0	0	1	1	1	1	0	1	1	0	0	0	1	0	0	1	0	0	0	0	1	0	0	0	0	0	0	1	0	0	1	0
"c307"	1	0	1	1	0	1	1	1	0	0	0	0	0	1	1	0	1	1	0	2	1	1	1	1	0	1	1	0	0	0	1	0	1	1	1	1	0	0	2	0	1	0	1	0	1	1	1	0	1	1
"c308"	1	0	0	0	0	0	0	0	1	1	0	2	0	0	0	1	0	0	0	0	0	1	0	1	0	0	0	0	0	0	0	0	0	0	0	0	1	0	0	1	0	0	0	1	0	1	0	0	0	0
"c309"	1	0	1	0	0	0	1	0	1	1	0	1	0	0	0	1	0	0	0	0	0	1	1	1	0	1	0	0	0	0	0	0	1	0	1	1	1	0	0	1	0	0	1	1	0	1	1	0	0	1
"c310"	2	0	1	0	0	1	0	0	0	0	0	0	0	0	0	0	0	0	0	0	1	1	1	1	0	1	0	0	0	0	0	0	0	0	0	0	0	0	2	0	1	0	0	0	0	1	0	0	1	0
"c311"	1	0	1	1	0	1	0	0	1	1	0	1	0	0	1	0	1	0	0	0	1	1	1	1	0	1	1	0	0	0	1	0	0	1	0	0	1	0	1	1	0	0	0	1	0	1	0	0	1	0
"c312"	1	0	0	0	0	0	0	0	1	1	0	0	0	0	0	1	0	0	0	0	0	1	0	1	0	0	0	0	0	0	0	0	0	0	0	0	1	0	0	1	0	0	0	1	0	1	0	0	0	0
"c313"	1	0	1	1	0	1	0	0	0	0	0	0	0	0	1	0	0	0	0	0	1	1	1	1	0	1	1	0	0	0	1	0	0	1	0	0	0	0	1	0	1	0	0	0	0	1	0	0	1	0
"c314"	1	1	1	0	0	1	0	0	0	0	0	0	0	0	0	0	0	0	0	0	1	1	1	1	1	1	0	1	1	1	0	0	0	0	0	0	0	0	2	0	1	0	0	0	0	1	0	1	0	0
"c315"	1	0	0	0	0	0	0	0	0	1	0	0	0	0	0	0	0	0	0	0	0	1	0	2	0	0	0	0	0	0	0	0	0	0	0	0	1	0	0	0	0	0	0	0	0	1	0	0	0	0
"c316"	1	0	1	0	0	1	0	0	0	0	0	0	0	0	0	0	0	0	0	0	1	1	1	1	0	2	0	0	0	0	0	0	0	0	0	0	0	0	2	0	1	0	0	0	0	1	0	0	1	0
"c317"	0	0	0	0	0	0	0	0	1	1	0	1	0	0	0	1	0	0	0	0	0	1	0	1	0	0	0	0	0	0	0	0	0	0	0	0	1	0	0	1	0	0	0	1	0	1	0	0	0	0
"c318"	1	0	0	0	0	0	0	0	1	1	0	1	0	0	0	0	0	0	0	0	0	1	0	1	0	0	0	0	0	0	0	0	0	0	0	0	1	0	0	1	0	0	0	1	0	1	0	0	0	0
"c319"	1	1	1	0	0	1	1	1	0	0	0	0	0	1	0	0	0	1	0	1	0	1	1	1	1	1	0	1	1	1	0	0	1	0	1	1	0	0	1	0	0	0	1	0	1	1	1	1	1	1
"c320"	1	1	1	0	0	1	0	0	0	0	0	0	0	0	0	0	0	0	0	0	1	1	1	1	1	1	0	2	1	2	0	0	0	0	1	0	0	0	2	0	1	0	0	0	0	1	0	1	1	0
"c321"	1	0	0	0	0	0	0	0	1	1	0	1	0	0	0	1	0	0	0	0	0	1	0	1	0	0	0	0	0	0	0	0	0	0	0	0	1	0	0	1	0	0	0	1	0	1	0	0	0	0
"c322"	1	0	1	0	0	1	0	0	0	0	0	0	0	0	0	0	0	0	0	0	1	2	1	1	0	1	0	0	0	0	0	0	0	0	0	0	0	0	2	0	1	0	0	0	0	1	0	0	0	0
"c323"	1	1	0	0	0	0	0	0	1	1	0	1	0	0	0	1	0	0	0	0	1	1	1	1	1	1	0	1	1	1	0	0	0	0	0	0	0	0	1	1	1	0	0	1	0	1	0	1	1	0
"c324"	1	0	1	0	0	0	0	0	0	0	0	0	0	0	0	0	0	0	0	0	0	1	1	1	0	1	0	0	0	0	0	0	0	0	0	0	0	0	0	0	0	0	0	0	0	1	0	0	0	0
"c325"	1	0	0	0	0	0	0	0	1	1	0	1	0	0	0	1	0	0	0	0	0	1	0	1	0	0	0	0	0	0	0	0	0	0	0	0	1	0	0	1	0	0	0	1	0	1	0	0	0	0
"c326"	1	0	0	0	2	0	0	0	0	0	1	0	1	0	0	0	0	0	1	0	0	1	0	1	0	0	0	0	0	0	0	2	0	0	0	0	0	1	0	0	0	2	0	0	0	1	0	0	0	0
"c327"	1	1	1	1	0	1	0	0	0	0	0	0	0	0	1	0	1	0	0	0	1	1	1	1	1	1	1	1	1	1	1	0	0	1	0	0	0	0	2	0	1	0	0	0	0	1	0	1	1	0
"c328"	1	0	0	0	0	0	0	0	1	1	0	1	0	0	0	1	0	0	0	0	0	1	0	1	0	0	0	0	0	0	0	0	0	0	0	0	1	0	0	1	0	0	0	1	0	1	0	0	0	0
"c329"	1	0	1	0	0	1	0	0	1	1	0	1	0	0	0	1	0	0	0	0	1	1	1	1	0	1	0	0	0	0	0	0	0	0	0	0	1	0	1	1	1	0	0	1	0	1	0	0	1	0
"c330"	1	0	0	0	0	0	0	0	0	1	0	0	0	0	0	1	0	0	0	0	0	0	0	1	0	0	0	0	0	0	0	0	0	0	0	0	1	0	0	0	0	0	0	0	0	1	0	0	0	0
"c331"	1	1	1	1	0	1	0	0	0	0	0	0	0	0	1	0	0	0	0	0	1	0	1	1	1	1	1	1	1	1	1	0	0	1	0	0	0	0	2	0	1	0	0	0	0	1	0	1	1	0
"c332"	1	0	0	0	0	0	0	0	1	0	0	0	0	0	0	1	0	0	0	0	1	1	0	1	0	1	0	0	0	0	0	0	0	0	0	0	1	0	1	1	1	0	0	1	0	1	0	0	1	0
"c333"	1	0	1	0	0	1	0	0	0	0	0	0	0	0	0	0	0	0	0	0	2	0	2	2	0	1	0	1	1	2	0	0	0	0	0	0	0	0	2	0	1	0	0	0	0	1	0	1	1	0
"c334"	1	0	3	0	2	0	0	0	0	0	1	0	1	0	0	0	0	0	1	0	0	1	0	1	0	0	0	0	0	0	0	0	0	0	0	0	0	1	0	0	0	2	0	0	0	1	0	0	0	0
"c335"	1	1	1	1	0	1	0	0	0	0	0	0	0	0	1	0	1	0	0	0	1	1	1	1	1	1	2	1	1	1	1	0	0	1	0	0	0	0	2	0	1	0	0	0	0	1	0	1	1	0
"c336"	1	0	1	1	0	1	0	0	0	0	0	0	0	0	1	0	1	0	0	0	1	1	1	1	0	1	2	0	0	0	1	0	0	1	0	0	0	0	2	0	0	0	0	0	0	1	0	0	1	0
"c337"	1	0	1	1	0	1	0	0	0	0	0	0	0	0	1	0	1	0	0	0	1	1	1	0	0	1	2	0	0	0	1	0	0	1	0	0	0	0	2	0	1	0	0	0	0	1	0	0	1	0
"c338"	1	0	0	0	0	0	0	0	1	1	0	1	0	0	0	1	0	0	0	0	0	1	0	0	0	0	0	0	0	0	0	0	0	0	0	0	1	0	0	1	0	0	0	1	0	1	0	0	0	0
"c339"	1	0	0	0	0	0	0	0	0	1	0	0	0	0	0	1	0	0	0	0	0	1	0	1	0	0	0	0	0	0	0	0	0	0	0	0	1	0	0	0	0	0	0	0	0	1	0	0	0	0
"c340"	1	0	0	0	1	0	0	0	0	0	0	0	1	0	0	0	0	0	1	0	0	1	0	1	0	0	0	0	0	0	0	1	0	0	0	0	0	0	0	0	0	1	0	0	0	1	0	0	0	0
"c341"	1	0	0	0	0	0	0	0	0	0	0	0	0	0	0	0	0	0	0	0	0	1	0	1	0	0	0	0	0	0	0	0	0	0	0	0	0	0	0	0	0	0	0	0	0	1	0	0	0	0
"c342"	1	0	0	0	0	0	0	0	0	1	0	0	0	0	0	1	0	0	0	0	0	1	0	1	0	0	0	0	0	0	0	0	0	0	0	0	1	0	0	0	0	0	0	0	0	1	0	0	0	0
"c343"	1	1	1	0	0	1	0	0	0	0	0	0	0	0	0	0	0	0	0	0	1	3	1	1	1	1	0	2	1	2	0	0	0	0	0	0	0	0	2	0	1	0	0	0	0	1	0	1	1	0
"c344"	1	0	1	1	0	1	0	0	0	0	0	0	0	0	1	0	1	0	0	0	1	1	1	1	0	1	2	0	0	0	1	0	0	1	0	0	0	0	2	0	1	0	0	0	0	1	0	0	1	0
"c345"	1	0	0	0	0	0	0	0	1	1	0	1	0	0	0	1	0	0	0	0	0	1	0	1	0	0	0	0	0	0	0	0	0	0	0	0	1	0	0	1	0	0	0	1	0	1	0	0	0	0
"c346"	1	0	0	0	0	0	0	0	1	1	0	1	0	0	0	2	0	0	0	0	0	1	0	1	0	0	0	0	0	0	0	0	0	0	0	0	1	0	0	1	0	0	0	1	0	1	0	0	0	0
"c347"	1	0	1	0	0	0	0	0	0	0	0	0	0	0	0	0	0	0	0	0	0	1	1	1	0	1	0	0	0	0	0	0	0	0	0	0	0	0	0	0	0	0	0	0	0	1	0	0	0	0
"c348"	1	0	1	0	0	0	1	0	0	0	0	0	0	0	0	0	0	0	0	0	0	1	1	1	0	1	0	0	0	0	0	0	1	0	1	1	0	0	0	0	0	0	1	0	0	1	1	0	0	1
"c349"	1	0	0	0	0	0	0	0	0	1	0	0	0	0	0	1	0	0	0	0	0	1	0	1	0	0	0	0	0	0	0	0	0	0	0	0	2	0	0	0	0	0	0	0	0	1	0	0	0	0
"c350"	1	0	1	0	0	0	1	1	0	0	0	0	0	2	0	0	0	1	0	2	0	1	1	2	0	1	0	0	0	0	0	0	2	0	1	1	0	0	0	0	0	0	1	0	1	1	1	0	0	1
"c351"	1	0	1	1	0	1	0	0	0	0	0	0	0	0	0	0	1	0	0	0	1	1	1	1	0	1	2	0	0	0	1	0	0	1	0	0	0	0	2	0	1	0	0	0	0	1	0	0	1	0
"c352"	1	0	1	1	0	1	0	0	0	0	0	0	0	0	0	0	1	0	0	0	1	1	1	1	0	2	2	0	0	0	1	0	0	1	0	0	0	0	2	0	1	0	0	0	0	1	0	0	1	0
"c353"	1	1	1	0	0	1	1	0	0	0	0	0	0	0	0	0	0	0	0	0	1	1	1	1	1	1	0	1	1	1	0	0	2	0	1	1	0	0	1	0	1	0	1	0	0	1	1	1	1	1
"c354"	2	1	1	0	0	2	0	0	0	0	0	0	0	0	0	0	0	0	0	0	1	1	1	1	1	1	0	1	1	1	0	0	0	0	0	0	0	0	2	0	1	0	0	0	0	1	0	1	1	0
"c355"	1	0	0	0	0	0	0	0	0	1	0	0	0	0	0	1	0	0	0	0	0	1	0	1	0	0	0	0	0	0	0	0	0	0	0	0	1	0	0	0	0	0	0	0	0	1	0	0	0	0
"c356"	1	0	1	0	0	0	0	0	0	0	0	0	0	0	0	0	0	0	0	0	0	1	0	1	0	1	0	0	0	0	0	0	0	0	0	0	0	0	0	0	0	0	0	0	0	1	0	0	0	0
"c357"	1	0	1	1	0	1	0	0	1	0	0	1	0	0	1	1	1	0	0	0	1	1	1	1	0	1	1	0	0	0	1	0	0	1	0	0	1	0	1	1	1	0	0	1	0	1	0	0	1	0
"c358"	1	0	1	0	0	0	1	0	0	0	0	0	0	0	0	0	0	0	0	0	0	1	1	1	0	1	0	0	0	0	0	0	2	0	0	1	0	0	0	0	0	0	1	0	0	1	1	0	0	1
"c359"	2	0	1	0	0	0	1	0	0	0	0	0	0	0	0	0	0	0	0	0	0	1	1	1	0	1	0	0	0	0	0	0	2	0	2	1	0	0	0	0	0	0	0	0	0	1	1	0	0	1
"c360"	1	0	0	0	2	0	0	0	0	0	1	0	1	0	0	0	0	0	1	0	0	1	0	1	0	0	0	0	0	0	0	1	0	0	0	0	0	1	0	0	0	2	0	0	0	1	0	0	0	0
"c361"	1	0	0	0	0	0	0	0	1	1	0	1	0	0	0	1	0	0	0	0	0	1	0	1	0	0	0	0	0	0	0	0	0	0	0	0	1	0	0	1	0	0	0	1	0	2	0	0	0	0
"c362"	1	0	0	0	0	0	0	0	1	1	0	1	0	0	0	1	0	0	0	0	0	2	0	1	0	0	0	0	0	0	0	0	0	0	0	0	1	0	0	1	0	0	0	1	0	1	0	0	0	0
"c363"	1	0	1	0	0	0	1	1	0	0	0	0	0	1	0	0	0	1	0	1	0	1	1	1	0	1	0	0	0	0	0	0	1	0	1	1	0	0	0	0	0	0	1	0	1	1	1	0	0	1
"c364"	1	0	0	0	0	0	0	0	1	1	0	1	0	0	0	1	0	0	0	0	0	1	0	1	0	0	0	0	0	0	0	0	0	0	0	0	1	0	0	2	0	0	0	1	0	1	0	0	0	0
"c365"	1	0	1	1	0	1	0	0	0	0	0	0	0	0	1	0	1	0	0	0	2	1	1	1	0	1	2	0	0	0	1	0	0	1	0	0	0	0	2	0	1	0	0	0	0	1	0	0	1	0
"c366"	1	0	1	0	0	1	0	0	0	0	0	0	0	0	0	0	0	0	0	0	1	1	1	2	0	1	0	0	0	0	0	0	0	0	0	0	0	0	2	0	1	0	0	0	0	1	0	0	1	0
"c367"	1	0	0	0	0	0	0	0	1	1	0	1	0	0	0	1	0	0	0	0	0	1	0	1	0	0	0	0	0	0	0	0	0	0	0	0	1	0	0	1	0	0	0	1	0	1	0	0	0	0
"c368"	1	0	0	0	0	0	0	0	2	1	0	1	0	0	0	1	0	0	0	0	0	1	0	1	0	0	0	0	0	0	0	0	0	0	0	0	1	0	0	2	0	0	0	1	0	1	0	0	0	0
"c369"	1	0	0	0	0	0	0	0	1	1	0	1	0	0	0	1	0	0	0	0	0	1	0	1	0	0	0	0	0	0	0	0	0	0	0	0	1	0	0	0	0	0	0	0	0	1	0	0	0	0
"c370"	1	0	1	1	0	1	1	0	0	0	0	0	0	0	1	0	1	0	0	0	1	1	1	1	0	1	1	0	0	0	1	0	1	1	1	1	0	0	1	0	1	0	1	0	0	1	1	0	0	1
"c371"	1	0	1	0	0	0	1	0	0	1	0	1	0	0	0	1	0	0	0	0	0	1	1	1	0	1	0	0	0	0	0	0	1	0	1	1	1	0	0	1	0	0	1	1	0	1	1	0	0	1
"c372"	1	0	1	0	0	0	1	0	1	1	0	0	0	0	0	1	0	0	0	0	0	1	0	1	0	1	0	0	0	0	0	0	1	0	1	1	0	0	0	0	0	0	1	1	0	1	1	0	0	1
"c373"	1	0	0	0	0	0	0	0	1	1	0	1	0	0	0	1	0	0	0	0	0	1	0	1	0	0	0	0	0	0	0	0	0	0	0	0	1	0	0	1	0	0	0	1	0	1	0	0	0	0
"c374"	1	0	1	1	0	1	0	0	0	0	0	0	0	0	1	0	1	0	0	0	1	1	1	1	0	0	2	0	0	0	1	0	0	1	0	0	0	0	2	0	1	0	0	0	0	1	0	0	1	0
"c375"	1	0	1	1	0	1	0	0	0	0	0	0	0	0	2	0	1	0	0	0	1	1	1	1	0	1	2	0	0	0	1	0	0	1	0	0	0	0	2	0	2	0	0	0	0	1	0	0	1	0
"c376"	1	0	1	0	0	0	2	1	0	0	0	0	0	2	0	0	0	1	0	2	0	1	1	1	0	1	0	0	0	0	0	0	2	0	1	1	0	0	0	0	0	0	1	0	1	1	1	0	0	1
"c377"	1	1	1	0	0	1	0	0	0	0	0	0	0	0	0	0	0	0	0	0	1	1	1	1	1	1	0	0	1	1	0	0	0	0	0	0	0	0	1	0	1	0	0	0	0	1	0	1	1	0
"c378"	1	1	1	0	1	1	0	0	0	0	1	0	1	0	0	0	0	0	1	0	1	1	1	1	1	1	0	1	1	1	0	1	0	0	0	0	0	1	1	0	1	1	0	0	0	1	0	1	1	0
"c379"	2	0	0	0	0	0	0	0	1	1	0	1	0	0	0	1	0	0	0	0	0	1	0	1	0	0	0	0	0	0	0	0	0	0	0	0	1	0	0	1	0	0	0	1	0	1	0	0	0	0
"c380"	1	0	1	0	0	0	0	0	0	0	0	0	0	0	0	0	0	0	0	0	0	1	1	1	0	1	0	0	0	0	0	0	0	0	0	0	0	0	0	0	0	0	0	0	0	1	0	0	0	0
"c381"	1	0	2	0	0	0	1	0	0	0	0	0	0	0	0	0	0	0	0	0	0	1	1	1	0	1	0	0	0	0	0	0	2	0	1	1	0	0	0	0	0	0	1	0	0	1	1	0	0	1
"c382"	1	0	1	0	0	0	1	1	0	0	0	0	0	1	0	1	0	1	0	1	0	1	1	1	0	1	0	0	0	0	0	0	1	0	1	1	1	0	0	0	0	0	1	0	1	1	1	0	0	0
"c383"	1	0	1	0	0	0	0	0	0	0	0	0	0	0	0	0	0	0	0	0	0	1	1	2	0	1	0	0	0	0	0	0	0	0	0	0	0	0	0	0	0	0	0	0	0	1	0	0	0	0
"c384"	1	0	0	0	0	0	0	0	0	0	0	0	0	0	0	0	0	0	0	0	0	1	0	1	0	0	0	0	0	0	0	0	0	0	0	0	0	0	0	0	0	0	0	0	0	1	0	0	0	0
"c385"	1	0	1	1	0	1	0	0	0	0	0	0	0	0	0	0	1	0	0	0	1	1	1	1	0	2	1	0	0	0	1	0	0	1	0	0	0	0	1	0	1	0	0	0	0	1	0	0	0	0
"c386"	1	0	1	0	0	0	0	0	0	0	0	0	0	0	0	0	0	0	0	0	1	1	1	1	0	1	0	0	0	0	0	0	1	0	1	1	0	0	1	0	1	0	1	0	0	1	1	0	1	1
"c387"	1	0	1	0	0	0	0	0	0	0	0	0	0	0	0	0	0	0	0	0	0	1	1	1	0	1	0	0	0	0	0	0	0	0	0	0	0	0	0	0	0	0	0	0	0	1	0	0	0	0
"c388"	1	1	1	0	0	1	0	0	0	0	0	0	0	0	0	0	0	0	0	0	1	1	1	1	1	1	0	1	1	2	0	0	0	0	0	0	0	0	2	0	0	0	0	0	0	1	0	1	1	0
"c389"	1	1	1	0	0	1	0	0	0	0	0	0	0	0	0	0	0	0	0	0	1	2	1	1	1	1	0	1	1	2	0	0	0	0	0	0	0	0	2	0	1	0	0	0	0	1	0	1	1	0
"c390"	1	0	1	1	0	1	0	0	0	0	0	0	0	0	0	0	0	0	0	0	1	1	1	1	0	1	1	0	0	0	0	0	0	1	0	0	0	0	1	0	1	0	0	0	0	1	0	0	1	0
"c391"	1	0	1	1	1	1	0	0	0	0	0	0	1	0	1	0	1	0	1	0	0	1	1	1	0	0	1	0	0	0	1	1	0	1	0	0	0	1	1	0	1	1	0	0	0	1	0	0	0	0
"c392"	1	1	1	1	0	1	0	0	0	0	0	0	0	0	0	0	1	0	0	0	1	1	1	1	0	1	1	1	1	1	1	0	0	1	0	0	0	0	2	0	1	0	0	0	0	1	0	1	1	0
"c393"	1	0	0	0	0	0	0	0	1	1	0	1	0	0	0	1	0	0	0	0	0	1	0	1	0	0	0	0	0	0	0	0	0	0	0	0	1	0	0	1	0	0	0	1	0	1	0	0	0	0
"c394"	1	0	1	0	1	0	0	0	0	0	1	0	1	0	0	0	0	0	1	0	0	1	1	1	0	1	0	0	0	0	0	1	0	0	0	0	0	1	0	0	0	1	0	0	0	1	0	0	0	0
"c395"	1	0	1	0	0	0	1	0	0	1	0	0	0	0	0	1	0	0	0	0	0	1	1	1	0	1	0	0	0	0	0	0	1	0	1	1	1	0	0	0	0	0	1	0	0	1	1	0	0	1
"c396"	1	1	1	0	0	1	0	0	0	0	0	0	0	0	0	0	0	0	0	0	1	1	1	1	1	1	0	1	1	2	0	0	0	0	0	0	0	0	1	0	1	0	0	0	0	1	0	0	1	0
"c397"	1	1	1	0	0	1	1	1	0	0	0	0	0	1	0	0	0	1	0	1	1	1	1	1	1	1	0	0	1	1	0	0	1	0	1	1	0	0	1	0	1	0	1	0	1	1	1	1	1	1
"c398"	1	1	1	0	0	1	0	0	0	0	0	0	0	0	0	0	0	0	0	0	0	1	1	1	1	1	0	2	1	2	0	0	0	0	0	0	0	0	2	0	1	0	0	0	0	1	0	1	1	0
"c399"	1	1	1	0	0	1	0	0	0	0	0	0	0	0	0	0	0	0	0	0	0	1	1	2	1	1	0	1	1	2	0	0	0	0	0	0	0	0	2	0	1	0	0	0	0	0	0	1	1	0
"c400"	1	0	0	0	0	0	0	0	0	1	0	0	0	0	0	1	0	0	0	0	0	1	0	1	0	0	0	0	0	0	0	0	0	0	0	0	1	0	0	0	0	0	0	0	0	1	0	0	0	0
"c401"	1	0	1	1	0	1	0	0	0	0	0	0	0	0	0	0	0	0	0	0	1	1	1	1	0	1	2	0	0	0	1	0	0	1	0	0	0	0	2	0	1	0	0	0	0	1	0	0	1	0
"c402"	1	1	1	0	0	0	0	0	1	1	0	1	0	0	0	1	0	0	0	0	1	1	1	1	1	1	0	1	0	1	0	0	0	0	0	0	1	0	1	1	1	0	0	1	0	1	0	1	1	0
"c403"	1	1	1	0	0	1	0	0	0	0	0	0	0	0	0	0	0	0	0	0	1	1	1	1	1	1	0	1	1	2	0	0	0	0	0	0	0	0	2	0	1	0	0	0	0	1	0	1	1	0
"c404"	1	0	1	0	0	0	1	1	0	0	0	0	0	2	0	0	0	2	0	2	0	1	1	1	0	1	0	0	0	0	0	0	2	0	2	2	0	0	0	0	0	0	1	0	1	1	1	0	0	1
"c405"	1	0	1	0	0	0	0	0	0	0	0	0	0	0	0	0	0	0	0	0	0	1	1	2	0	1	0	0	0	0	0	0	0	0	0	0	0	0	0	0	0	0	0	0	0	1	0	0	0	0
"c406"	1	0	0	0	0	0	0	0	0	1	0	0	0	0	0	1	0	0	0	0	0	1	0	1	0	0	0	0	0	0	0	0	0	0	0	0	3	0	0	0	0	0	0	0	0	1	0	0	0	0
"c407"	1	0	1	0	0	0	1	0	0	0	0	0	0	0	0	0	0	0	0	0	0	1	1	1	0	1	0	0	0	0	0	0	2	0	1	1	0	0	0	0	0	0	1	0	0	1	1	0	0	1
"c408"	2	0	1	0	0	0	0	0	0	0	0	0	0	0	0	0	0	0	0	0	0	0	1	1	0	1	0	0	0	0	0	0	0	0	0	0	0	0	0	0	0	0	0	0	0	1	0	0	0	0
"c409"	1	1	1	0	0	1	0	0	0	1	0	1	0	0	0	1	0	0	0	0	1	1	1	1	1	1	0	1	0	1	0	0	0	0	0	0	1	0	1	1	1	0	0	1	0	1	0	1	1	0
"c410"	1	0	0	0	0	0	0	0	1	1	0	2	0	0	0	1	0	0	0	0	0	1	0	1	0	0	0	0	0	0	0	0	0	0	0	0	1	0	0	1	0	0	0	0	0	1	0	0	0	0
"c411"	1	0	1	0	0	2	0	0	0	0	0	0	0	0	0	0	0	0	0	0	1	1	1	2	0	1	0	0	0	0	0	0	0	0	0	0	0	0	2	0	2	0	0	0	0	1	0	0	1	0
"c412"	1	0	1	3	0	1	0	0	0	0	0	0	0	0	0	0	0	0	0	0	1	2	2	2	0	1	0	0	0	0	0	0	0	0	0	0	0	0	2	0	1	0	0	0	0	1	0	0	1	0
"c413"	1	0	1	0	0	0	1	1	0	0	0	0	0	2	0	0	0	1	0	2	0	1	1	1	0	1	0	0	0	0	0	0	2	0	1	1	0	0	0	0	0	0	1	0	1	1	1	0	0	1
"c414"	2	0	1	0	0	1	0	0	0	0	0	0	0	0	0	0	0	0	0	0	1	1	1	1	0	1	0	0	0	0	0	0	0	0	0	0	0	0	2	0	1	0	0	0	0	1	0	0	0	0
"c415"	1	0	1	1	0	1	0	0	0	0	0	0	0	1	1	0	1	1	0	1	1	1	1	1	0	1	1	0	0	0	1	0	1	1	1	0	0	0	1	0	1	0	1	0	1	1	1	0	1	1
"c416"	0	0	1	0	0	0	1	0	0	0	0	0	0	0	0	0	0	0	0	0	0	1	1	1	0	1	0	0	0	0	0	0	2	0	1	1	0	0	0	0	0	0	1	0	0	1	1	0	0	1
"c417"	1	0	2	0	0	0	1	1	0	0	0	0	0	2	0	0	0	1	0	2	0	1	1	1	0	1	0	0	0	0	0	0	2	0	1	1	0	0	0	0	0	0	1	0	1	1	1	0	0	1
"c418"	1	0	1	0	0	0	1	0	0	0	0	0	0	0	0	0	0	0	0	0	0	1	1	1	0	1	0	0	0	0	0	0	1	0	2	1	0	0	0	0	0	0	1	0	0	1	1	0	0	0
"c419"	1	0	0	0	0	0	0	0	0	0	0	0	0	0	0	0	0	0	0	0	0	1	0	2	0	0	0	0	0	0	0	0	0	0	0	0	0	0	0	0	0	0	0	0	0	1	0	0	0	0
"c420"	1	0	0	0	0	0	0	0	0	0	0	0	0	0	0	0	0	0	0	0	0	1	0	1	0	0	0	0	0	0	0	0	0	0	0	0	0	0	0	0	0	0	0	0	0	1	0	0	0	0
"c421"	1	1	1	0	0	1	0	0	0	0	0	0	0	0	0	0	0	0	0	0	1	0	1	1	1	1	0	1	0	2	0	0	0	0	0	0	0	0	2	0	1	0	0	0	0	1	0	1	2	0
"c422"	1	0	0	0	0	0	0	0	0	0	0	0	0	0	0	1	0	0	0	0	0	1	0	1	0	0	0	0	0	0	0	0	0	0	0	0	1	0	0	0	0	0	0	0	0	1	0	0	0	0
"c423"	1	0	1	0	0	0	1	1	0	0	0	0	0	1	0	0	0	1	0	1	0	1	1	1	0	1	0	0	0	0	0	0	1	0	1	1	0	0	0	0	0	0	1	0	1	1	0	0	0	1
"c424"	1	1	1	0	0	1	0	0	0	0	0	0	0	0	0	0	0	0	0	0	1	2	1	1	1	1	0	1	1	2	0	0	0	0	0	0	0	0	2	0	1	0	0	0	0	1	0	1	1	0
"c425"	2	0	1	0	0	0	1	1	0	0	0	0	0	2	0	0	0	1	0	2	0	1	1	1	0	1	0	0	0	0	3	0	2	0	1	1	0	0	0	0	0	0	1	0	0	1	1	0	0	1
"c426"	1	0	0	0	0	0	0	0	1	1	0	1	0	0	0	1	0	0	0	0	0	1	0	1	0	0	0	0	0	0	0	0	0	3	0	0	1	0	0	1	0	0	0	2	0	2	0	0	0	0
"c427"	1	0	0	0	0	1	0	0	1	1	0	1	0	0	0	0	0	0	0	0	0	1	0	1	0	0	0	0	0	0	0	0	0	0	0	0	1	0	0	1	0	0	0	1	0	1	0	0	0	0
"c428"	2	1	1	0	0	1	0	0	1	1	0	1	0	0	0	1	0	0	0	0	1	1	1	1	1	1	0	1	0	1	0	0	0	0	0	0	1	0	1	1	1	0	0	1	0	1	0	0	0	0
"c429"	1	0	0	0	0	0	0	0	1	1	0	1	0	0	0	1	0	0	0	0	0	1	0	1	0	0	0	0	0	0	0	0	0	0	0	0	1	0	0	1	0	0	0	1	0	1	0	0	0	0
"c430"	1	0	0	0	0	0	0	0	0	1	0	0	0	0	0	1	0	0	0	0	0	0	0	1	0	0	0	0	0	0	0	0	0	0	0	0	1	0	0	0	0	0	0	0	0	1	0	0	0	0
"c431"	1	0	0	0	0	0	0	0	1	1	0	1	0	0	0	1	0	0	0	0	0	1	0	1	0	0	0	0	0	0	0	0	0	0	0	0	1	0	0	1	0	0	0	1	0	1	0	0	0	0
"c432"	1	0	1	0	1	1	0	0	0	0	1	0	1	0	0	0	0	0	1	0	1	1	1	1	0	1	0	0	0	0	0	0	0	0	0	0	0	1	1	0	1	1	0	0	0	1	0	0	1	0
"c433"	1	0	1	1	0	1	1	0	0	0	0	0	0	0	1	0	1	0	0	0	0	0	1	1	0	1	1	0	0	0	1	0	1	1	1	1	0	0	1	0	1	0	2	0	0	2	1	0	1	1
"c434"	1	0	0	0	0	0	1	0	1	1	0	1	0	0	0	1	0	0	0	0	0	1	1	1	0	1	0	0	0	0	0	0	1	0	1	1	0	0	0	1	0	0	0	1	0	1	1	0	0	1
"c435"	1	0	0	0	1	0	0	0	1	1	1	1	1	0	0	1	0	0	1	0	0	1	0	1	0	0	0	0	0	0	0	1	0	0	0	0	1	1	0	1	0	1	0	1	0	1	0	0	0	0
"c436"	1	0	0	0	2	0	0	0	0	0	1	0	2	0	0	0	0	0	1	0	0	3	0	1	0	0	0	0	0	0	0	1	0	0	0	0	0	1	0	0	0	2	0	0	0	1	0	0	0	0
"c437"	1	0	1	1	0	1	0	0	0	0	0	0	0	0	1	0	1	0	0	0	1	1	1	1	0	1	2	0	0	0	1	0	0	1	0	0	0	0	2	3	1	0	0	0	0	0	0	0	1	0
"c438"	1	0	1	1	0	1	0	0	0	0	0	0	0	0	1	0	1	0	0	0	1	1	2	1	0	1	2	0	0	0	1	0	0	1	0	0	0	0	2	0	1	0	0	0	0	1	0	0	1	0
"c439"	1	0	1	0	0	0	1	0	0	0	0	0	0	2	0	0	0	1	0	1	0	1	1	1	0	1	0	0	0	0	0	0	2	0	1	1	0	0	0	0	0	0	1	0	0	1	1	0	0	1
"c440"	1	0	0	0	0	0	0	0	1	1	0	1	0	0	0	1	0	0	0	0	0	1	0	0	0	0	0	0	0	0	0	0	0	0	0	0	1	0	0	1	0	0	0	1	0	0	0	0	0	0
"c441"	1	0	1	1	0	1	0	0	1	1	0	0	0	0	1	1	1	0	0	0	1	1	1	1	0	1	1	0	0	0	1	0	0	1	0	0	1	0	1	1	1	0	0	1	0	1	0	0	1	0
"c442"	1	0	0	0	2	0	0	0	0	0	1	0	1	0	0	0	0	0	1	0	0	0	0	1	3	0	0	0	0	0	0	1	0	0	0	0	0	1	0	0	0	2	0	0	0	1	0	0	0	0
"c443"	1	0	0	0	0	0	0	0	0	0	0	0	0	0	0	0	0	0	0	0	0	1	0	1	0	0	0	0	0	0	0	0	0	0	0	0	0	0	0	0	0	0	0	0	0	1	0	0	0	0
"c444"	1	0	1	1	0	1	0	0	1	1	0	0	0	0	1	1	1	0	0	0	1	1	1	1	0	1	2	0	0	0	1	0	0	1	0	0	0	0	1	1	1	0	0	1	0	1	0	0	1	0
"c445"	1	0	0	0	0	0	0	0	1	1	0	2	0	0	0	1	0	0	0	0	0	1	0	1	0	0	0	0	0	0	0	0	0	0	0	0	1	0	0	1	0	0	0	1	0	1	0	0	0	0
"c446"	1	0	0	0	0	0	0	0	0	2	0	0	0	0	0	0	0	0	0	0	0	2	0	0	0	0	0	0	0	0	0	0	0	0	0	0	1	0	0	0	0	0	0	0	0	1	0	0	0	0
"c447"	1	0	1	0	0	0	0	0	1	1	0	1	0	0	0	1	0	0	0	0	0	1	1	2	0	1	0	0	0	0	0	0	0	0	0	0	1	0	0	1	0	0	0	1	0	1	0	0	0	0
"c448"	1	0	1	0	0	0	0	0	0	0	0	0	0	0	0	0	0	0	0	0	0	1	1	0	0	1	0	0	0	0	0	0	0	0	0	0	0	0	0	0	0	0	0	0	0	1	0	0	0	0
"c449"	1	0	1	1	1	1	0	0	0	0	1	0	1	0	1	0	1	0	0	0	1	1	1	1	0	1	1	0	0	0	1	1	0	1	0	0	0	1	1	0	1	1	0	0	0	1	0	0	1	0
"c450"	1	0	0	0	0	0	0	0	2	1	0	1	0	0	1	2	0	0	0	0	0	1	0	1	0	0	0	0	0	0	0	0	0	0	0	0	1	0	0	1	0	0	0	1	0	1	0	0	0	0
"c451"	1	0	1	0	0	0	1	0	0	0	0	0	0	0	0	0	0	0	0	0	0	1	1	1	0	1	0	0	0	0	0	0	2	0	1	1	0	0	0	0	0	0	1	0	0	1	1	0	0	1
"c452"	2	0	1	1	0	1	0	0	0	0	0	0	0	0	1	0	1	0	0	0	1	1	0	1	0	1	1	0	0	0	0	0	0	1	0	0	0	0	1	0	1	0	0	0	0	1	0	0	1	0
"c453"	1	0	0	0	0	0	0	0	1	1	0	1	0	0	0	0	0	0	0	0	0	0	0	1	0	3	0	0	0	0	0	0	0	0	0	0	1	0	0	1	0	0	0	1	0	1	0	0	0	0
"c454"	1	0	0	0	2	0	0	0	0	0	1	0	1	0	0	0	0	0	1	0	0	0	0	1	0	0	0	0	0	0	0	1	0	0	0	0	0	1	0	0	0	2	0	0	0	1	0	0	0	0
"c455"	1	0	0	0	2	0	0	0	0	0	1	0	1	0	0	0	0	0	1	0	0	1	0	1	0	0	0	0	0	0	0	1	0	0	0	0	0	1	0	0	0	2	0	0	0	1	0	0	1	0
"c456"	1	0	0	0	0	0	0	0	1	1	0	1	0	0	0	1	0	0	0	0	0	1	0	1	3	0	0	0	0	0	0	0	0	0	0	0	2	0	0	1	0	0	0	1	0	1	0	0	0	0
"c457"	1	0	0	0	2	0	0	0	0	0	1	0	1	0	0	0	0	0	1	0	0	1	0	1	0	0	0	0	0	0	0	1	0	0	0	0	0	1	0	0	0	2	0	0	0	1	0	0	0	0
"c458"	1	1	1	0	0	1	1	1	0	0	0	0	0	1	0	0	0	1	0	1	1	1	1	1	1	1	0	1	1	2	0	0	1	0	1	1	0	0	1	0	1	0	1	0	1	1	1	1	1	1
"c459"	1	1	1	0	0	1	0	0	0	0	0	0	0	0	0	0	0	0	0	0	0	1	1	1	1	1	0	1	1	2	0	0	0	0	0	0	0	0	2	0	1	0	0	0	0	1	0	1	1	0
"c460"	1	0	1	1	0	1	0	0	0	0	0	0	0	0	1	0	1	0	0	0	1	1	1	1	0	1	2	0	0	0	1	0	0	1	0	0	0	0	2	0	1	0	0	0	0	1	0	0	1	0
"c461"	1	0	1	0	0	0	1	0	1	1	0	1	0	0	0	1	0	0	0	0	0	1	1	1	0	1	0	0	0	0	0	0	1	0	1	1	1	0	0	0	0	0	1	1	0	1	1	0	0	1
"c462"	1	0	1	0	0	0	1	0	0	0	0	0	0	0	0	0	0	0	0	0	0	2	1	2	0	1	0	0	0	0	0	0	2	0	1	1	0	0	0	0	0	0	1	0	0	1	1	0	0	1
"c463"	1	0	0	0	2	0	0	0	0	0	1	0	1	0	0	0	0	0	1	0	0	2	0	1	0	0	0	0	0	0	0	1	0	0	0	0	0	1	0	0	0	2	0	0	0	1	0	0	0	0
"c464"	1	0	0	0	0	0	0	0	1	1	0	1	0	0	0	1	0	0	0	0	0	1	0	0	0	0	0	0	0	0	0	0	0	0	0	0	1	0	0	1	0	0	0	0	0	1	0	0	0	0
"c465"	2	0	0	0	0	0	0	0	0	1	0	0	0	0	0	0	0	0	0	0	0	1	0	1	0	0	0	0	0	0	0	0	0	0	0	0	1	0	0	0	0	0	0	0	0	1	0	0	0	0
"c466"	1	1	1	1	0	1	0	0	0	0	0	0	0	0	1	0	1	0	0	0	2	1	1	1	0	1	1	1	1	1	1	0	0	1	0	0	0	0	2	0	1	0	0	0	0	1	0	1	1	0
"c467"	1	0	0	0	0	0	0	0	1	1	0	1	0	0	0	1	0	0	0	0	0	1	0	1	0	0	0	0	0	0	0	0	0	0	0	0	1	0	0	1	0	0	0	1	0	1	0	0	0	0
"c468"	1	0	0	0	0	0	0	0	1	1	0	0	0	0	0	2	0	0	0	0	0	1	0	1	0	0	0	0	0	0	0	0	0	0	0	0	1	0	0	1	0	0	0	1	0	0	0	0	0	0
"c469"	1	0	1	1	0	1	0	0	0	0	0	1	0	0	1	1	1	0	0	0	1	1	0	1	0	1	1	0	0	0	0	0	0	1	0	0	1	0	2	1	1	0	0	1	0	1	0	0	1	0
"c470"	1	0	0	0	0	0	0	0	1	1	0	1	0	0	0	1	0	0	0	0	0	1	0	1	0	0	0	0	0	0	0	0	0	0	0	0	1	0	0	0	0	0	0	1	0	1	0	0	0	0
"c471"	1	0	1	0	0	0	1	0	0	1	0	0	0	0	0	1	0	0	0	0	0	1	1	2	0	1	0	0	0	0	0	0	1	0	1	1	1	0	0	0	0	0	0	0	0	1	0	0	0	0
"c472"	1	0	1	0	0	0	1	1	0	0	0	0	0	2	0	0	0	1	0	2	0	1	1	1	0	2	0	0	0	0	0	0	2	0	1	1	0	0	0	0	0	0	0	0	1	1	1	0	0	1
"c473"	1	0	1	0	0	1	1	0	0	0	0	0	0	0	0	0	0	0	0	0	1	1	1	1	0	2	0	0	0	0	0	0	1	0	1	1	0	0	1	0	1	0	1	0	0	1	0	0	1	1
"c474"	1	0	0	0	0	0	0	0	1	1	0	1	0	0	0	1	0	0	0	0	0	1	0	1	0	0	0	0	0	0	0	0	0	0	0	0	1	0	0	1	0	0	0	1	0	1	0	0	0	0
"c475"	1	0	1	1	1	1	0	0	0	0	1	0	0	0	1	0	1	0	1	0	1	1	1	1	0	0	1	0	0	0	0	1	0	0	0	0	0	1	1	0	1	1	0	0	0	1	0	0	1	0
"c476"	1	0	0	0	0	0	1	0	0	0	0	0	0	0	0	0	0	0	0	0	0	1	1	1	0	1	0	0	0	0	0	0	2	0	1	1	0	0	0	0	0	0	1	0	0	1	1	0	0	1
"c477"	1	0	0	0	0	0	0	0	0	1	0	1	0	0	0	0	0	0	0	0	0	1	0	1	0	0	0	0	0	0	0	0	0	0	0	0	1	0	0	1	0	0	0	0	0	1	0	0	0	0
"c478"	1	1	1	0	0	1	0	0	0	1	0	0	0	0	0	1	0	0	0	0	1	1	1	1	1	1	0	1	1	1	0	0	0	0	0	0	1	0	1	0	1	0	0	0	0	1	0	0	1	0
"c479"	1	0	1	0	1	0	1	0	0	0	1	0	1	0	0	0	0	0	1	0	0	1	1	1	0	1	0	0	0	0	0	1	1	0	1	1	0	1	0	0	0	1	1	0	0	1	1	0	0	1
"c480"	1	0	0	1	0	1	0	0	0	1	0	0	0	0	1	0	1	0	0	0	1	1	1	2	0	1	1	0	0	0	1	0	0	1	0	0	1	0	1	0	1	0	0	0	0	1	0	0	0	0
"c481"	1	0	1	0	0	0	1	0	0	1	0	0	0	0	0	1	0	0	0	0	0	1	1	1	0	1	0	0	0	0	0	0	1	0	1	1	1	0	1	0	0	0	1	0	0	1	1	0	0	1
"c482"	2	1	1	0	0	1	0	0	0	0	0	0	0	0	0	0	0	0	0	0	1	1	1	1	1	3	0	1	1	2	0	0	0	0	0	0	0	0	2	0	1	0	0	0	0	1	0	1	1	0
"c483"	1	0	0	0	0	0	0	0	0	1	0	0	0	0	0	1	0	0	0	0	0	1	0	1	0	0	0	0	0	0	0	0	0	0	0	0	1	0	0	0	0	0	0	0	0	1	0	0	0	0
"c484"	1	0	1	0	0	0	1	0	0	0	0	0	0	0	0	0	0	0	0	0	0	1	1	1	0	0	0	0	0	0	0	0	2	0	1	1	0	0	0	0	0	0	1	0	0	2	1	0	0	1
"c485"	1	0	0	0	0	0	0	0	0	1	0	1	0	0	0	1	0	0	0	0	0	1	0	1	0	0	0	0	0	0	0	0	0	0	0	0	1	0	0	0	0	0	0	1	0	1	0	0	0	0
"c486"	1	0	1	0	0	0	1	0	0	0	0	0	0	0	0	0	0	0	0	0	0	1	1	1	0	1	0	0	0	0	0	0	2	0	1	1	0	0	0	0	0	0	1	0	0	1	1	0	0	1
"c487"	1	0	0	0	2	0	0	0	0	0	1	0	1	0	0	0	0	0	0	0	0	1	0	1	0	0	0	0	0	0	0	1	0	0	0	0	0	1	0	0	0	2	0	0	0	1	0	0	0	0
"c488"	1	0	1	0	0	0	0	0	0	0	0	0	0	0	0	0	0	0	0	0	0	1	1	1	0	1	0	0	0	0	0	0	0	0	0	0	0	0	0	0	0	0	0	0	0	1	0	0	0	0
"c489"	1	1	1	0	0	1	0	0	0	0	0	0	0	0	0	0	0	0	0	0	1	1	1	1	1	1	0	1	1	2	0	0	0	0	0	0	0	0	2	0	1	0	0	0	0	1	0	1	1	0
"c490"	1	0	0	0	0	0	0	0	1	1	0	1	0	0	0	1	0	0	0	0	0	1	0	1	0	0	0	0	0	0	0	0	0	0	0	0	1	0	0	2	0	0	0	0	0	1	0	0	0	0
"c491"	1	0	1	0	0	0	1	1	0	0	0	0	0	2	0	0	0	1	0	2	0	1	1	1	0	1	0	0	0	0	0	0	2	0	1	1	0	0	0	0	0	0	1	0	1	1	1	0	0	1
"c492"	1	0	1	0	0	0	0	0	0	0	0	0	0	0	0	0	0	0	0	0	0	1	1	1	0	1	0	0	0	0	0	0	1	0	1	1	0	0	0	0	0	0	1	0	0	1	1	0	0	1
"c493"	2	1	1	1	0	1	0	0	0	0	0	0	0	0	1	0	1	0	0	0	1	1	1	1	1	1	1	0	1	1	1	0	0	0	0	0	0	0	2	0	1	0	0	0	0	1	0	0	1	0
"c494"	1	0	0	0	0	0	0	0	1	1	0	1	0	0	0	1	0	0	0	0	0	1	0	1	0	0	0	0	0	0	0	0	0	0	0	0	1	0	0	1	0	0	0	1	0	1	0	0	0	0
"c495"	1	0	0	0	0	0	0	0	0	0	0	0	0	0	0	1	0	0	0	0	0	1	0	1	0	0	0	0	0	0	0	0	0	0	0	0	1	0	0	0	0	0	0	0	0	1	0	0	0	0
"c496"	1	0	0	0	0	0	0	0	0	1	0	0	0	0	0	1	0	0	0	0	0	1	0	1	0	0	0	0	0	0	0	0	0	0	0	0	1	0	0	0	0	0	0	0	0	1	0	0	0	0
"c497"	1	1	1	0	0	1	0	0	0	0	0	0	0	0	0	0	0	0	0	0	1	1	1	1	1	1	0	1	1	2	0	0	0	0	0	0	0	0	2	0	1	0	0	0	0	1	0	1	1	0
"c498"	1	0	1	0	0	0	0	0	0	0	0	0	0	0	0	0	0	0	0	0	0	1	1	1	0	1	0	0	0	0	0	0	0	0	0	0	0	0	0	0	0	0	0	0	0	1	0	0	0	0
"c499"	1	0	0	0	0	0	0	0	1	1	0	1	0	0	0	1	0	0	0	0	0	1	0	1	0	0	0	0	0	0	0	0	0	0	0	0	1	0	0	1	0	0	0	1	0	1	0	0	0	0
"c500"	1	0	0	0	0	0	0	0	1	0	0	1	0	0	0	1	0	0	0	0	0	1	0	1	0	0	0	0	0	0	0	0	0	0	0	0	1	0	0	1	0	0	0	1	0	1	0	0	0	0
